50
1 34688 2 31308 3 38308 4 35694 5 32958 6 32236 7 37544 8 39343 9 38006 10 37550 11 37107 12 37457 13 33475 14 34580 15 36057 16 34882 17 39366 18 35524 19 35893 20 30599 21 35685 22 32060 23 32683 24 35932 25 34338 26 32991 27 33410 28 33969 29 34697 30 35009 31 37777 32 34656 33 36064 34 37721 35 40268 36 37735 37 39254 38 35987 39 36939 40 31812 41 34953 42 38107 43 39483 44 38755 45 33681 46 37727 47 36603 48 35069 49 38948 50 39168 
1 26906 2 38868 3 38890 4 37155 5 39040 6 35876 7 31348 8 31132 9 33216 10 33532 11 35589 12 34519 13 32175 14 34564 15 38049 16 32681 17 39350 18 37290 19 35862 20 39700 21 34054 22 38711 23 35166 24 37196 25 38212 26 34814 27 34056 28 40257 29 31312 30 39566 31 31625 32 34282 33 39283 34 34438 35 33917 36 39405 37 32698 38 30692 39 37961 40 32015 41 39509 42 31592 43 35276 44 34206 45 31395 46 38416 47 40079 48 32755 49 38788 50 36915 
2500
32 7 456 868 882
41 23 313 787 864
22 29 889 811 954
5 37 708 843 908
44 4 774 821 851
8 26 40 874 818
47 13 988 923 876
30 45 984 980 857
34 42 887 943 950
17 48 924 922 939
37 35 782 922 785
45 35 90 889 824
10 1 562 940 689
49 38 472 953 959
35 9 525 800 843
16 31 619 847 902
38 14 562 843 796
25 15 570 912 963
14 21 646 954 962
4 3 674 815 980
26 50 591 909 957
29 11 814 826 938
32 16 376 850 808
2 41 56 841 813
41 30 98 860 875
22 38 842 914 797
5 36 911 798 882
9 39 490 853 798
8 23 665 821 896
47 24 40 904 855
30 38 699 944 876
34 35 81 918 962
17 39 604 789 977
37 42 335 904 812
42 35 451 940 897
23 13 226 835 930
45 26 110 830 862
10 10 415 810 853
35 4 754 869 954
25 22 68 839 979
14 14 560 913 872
1 15 774 958 794
39 32 709 904 946
4 12 922 914 874
29 2 729 955 800
2 34 756 974 949
41 5 689 901 905
22 47 115 884 893
5 43 581 800 836
9 46 207 798 846
8 16 942 959 806
47 31 183 980 939
17 30 124 819 885
42 44 6 924 856
23 8 474 811 831
45 17 245 893 915
48 6 25 824 865
13 42 254 857 957
35 27 810 950 821
25 29 472 849 938
46 48 617 864 850
11 20 942 949 858
14 7 689 812 857
1 6 890 888 843
39 23 115 814 790
26 4 322 943 936
29 25 987 828 960
41 12 586 916 872
5 18 226 790 926
27 35 792 944 953
8 5 486 908 932
47 34 219 920 872
17 21 823 796 788
20 2 885 912 935
42 45 659 866 951
23 31 95 833 883
45 16 806 893 870
48 3 16 947 807
13 33 636 826 824
35 22 383 824 919
18 44 451 800 816
46 41 600 879 947
11 27 214 830 867
50 46 965 902 926
1 29 756 858 832
39 10 876 869 835
26 5 724 804 839
29 24 933 899 957
15 39 530 804 962
22 49 51 860 849
5 25 669 911 815
27 46 830 937 888
47 41 378 953 963
30 49 690 918 947
17 12 833 849 922
20 7 486 885 893
42 22 777 895 905
23 18 358 877 921
6 40 919 953 829
45 7 248 831 947
48 12 589 882 858
31 50 599 859 835
35 45 422 797 812
18 45 181 861 799
38 34 470 900 910
46 34 781 844 889
11 6 664 937 919
50 39 750 937 939
36 24 728 820 903
1 20 653 922 852
39 1 699 876 600
26 14 269 839 965
15 42 851 807 906
5 8 1000 956 818
30 10 17 950 892
17 3 956 817 892
20 16 907 904 888
3 46 385 868 838
42 31 94 795 784
23 41 572 938 842
6 33 631 938 877
10 38 773 852 797
48 17 689 871 914
35 40 741 937 978
18 38 152 806 820
38 43 28 828 969
43 40 178 898 979
24 12 269 973 854
46 27 831 954 913
11 13 46 974 817
14 50 710 829 798
36 29 655 805 798
26 23 65 958 904
15 49 885 799 913
2 14 664 919 807
40 25 375 964 868
5 15 764 901 838
30 3 81 884 880
20 21 807 836 787
3 37 499 919 955
42 8 283 979 922
23 36 264 863 840
6 42 376 962 971
10 47 380 953 834
48 26 922 925 889
31 36 212 804 797
18 31 986 873 871
43 47 938 813 799
24 1 968 971 720
46 20 493 948 888
33 9 866 908 815
14 43 542 849 844
36 6 667 924 793
26 32 959 821 824
12 29 413 799 869
2 7 549 934 874
40 18 256 882 910
27 7 476 967 891
30 28 568 913 936
20 30 382 847 963
42 9 658 821 979
6 19 434 841 859
28 46 465 804 913
48 39 790 954 865
31 43 272 899 889
18 24 390 937 847
21 5 525 944 970
43 42 504 866 843
24 26 436 899 784
46 13 957 952 882
33 16 785 881 878
14 36 21 855 800
36 11 551 796 885
19 47 700 978 952
12 22 227 936 812
15 3 217 864 967
2 32 195 914 915
40 15 234 898 815
27 2 337 885 925
49 31 970 896 810
30 21 665 845 975
16 34 787 803 974
20 35 509 805 943
6 28 31 789 813
28 35 221 802 812
48 48 242 926 929
31 46 799 944 936
35 49 764 816 850
18 9 639 947 898
21 4 214 795 969
43 17 108 934 825
24 23 846 828 975
7 43 204 913 791
46 6 443 900 944
33 7 766 940 870
19 42 261 884 810
39 45 439 868 792
12 11 744 876 958
15 6 998 815 969
37 19 326 946 838
2 17 807 819 813
40 8 587 885 909
27 9 642 790 788
49 22 589 903 954
16 47 815 868 976
20 44 648 838 843
3 50 542 799 886
6 5 270 876 980
31 21 773 959 899
18 2 119 958 968
21 11 325 819 818
43 28 358 920 871
24 48 129 828 854
7 46 216 858 789
11 33 224 862 798
33 30 355 796 869
19 33 666 933 894
39 40 186 887 896
44 41 679 811 944
9 23 713 814 938
12 4 31 870 925
15 13 586 869 890
37 26 632 833 938
27 20 509 857 924
49 13 650 807 973
20 49 348 964 801
3 9 471 840 847
25 38 324 899 972
6 14 944 978 784
28 49 663 798 805
31 32 721 869 939
21 18 585 958 910
43 3 480 894 871
24 37 722 932 910
7 37 987 935 840
11 44 254 858 959
33 21 813 931 930
32 37 646 885 835
36 34 56 784 900
19 28 813 821 968
44 34 823 871 814
9 30 364 841 970
34 12 336 918 784
15 24 488 959 881
37 1 664 859 618
27 27 197 912 890
49 4 202 821 788
13 26 495 891 977
3 4 347 806 788
25 45 97 969 809
28 10 806 952 817
31 7 849 852 960
21 25 599 870 813
4 33 447 797 879
43 14 889 970 821
7 32 128 805 785
29 41 43 791 882
33 44 342 784 916
32 46 113 824 836
36 39 514 795 963
19 19 965 886 807
22 8 99 895 945
44 39 739 946 791
9 5 79 844 965
12 50 734 803 905
34 13 293 955 851
15 31 243 840 846
37 16 421 913 870
13 17 806 859 907
16 6 446 787 851
3 27 176 980 844
28 15 99 975 961
50 30 566 808 807
31 10 726 853 909
1 45 931 887 856
21 40 218 889 872
4 42 839 937 973
7 23 761 858 881
29 40 586 841 946
33 35 900 851 865
32 43 822 928 928
36 48 903 874 922
19 14 848 924 960
41 35 332 928 867
22 1 54 849 718
44 32 372 844 925
9 12 536 814 810
8 46 509 928 784
34 6 651 798 901
40 44 711 980 886
49 50 160 892 947
13 16 986 978 793
16 3 811 854 831
38 18 936 972 874
3 22 978 847 788
28 8 124 813 832
50 23 186 814 920
1 36 554 944 961
21 47 470 867 853
4 47 95 903 964
7 10 362 944 790
32 20 944 810 965
19 5 837 927 888
41 42 160 944 847
22 10 881 858 944
44 21 780 936 897
8 43 350 798 917
47 4 530 962 880
12 48 87 885 942
34 31 105 806 947
40 33 43 893 952
45 46 40 896 975
10 22 595 935 966
49 41 875 960 818
13 7 950 965 940
16 12 980 891 920
38 27 100 865 845
25 2 269 788 928
28 29 528 818 897
50 16 294 826 944
4 24 237 907 898
26 39 730 925 829
7 1 135 894 657
33 49 23 861 831
32 25 410 847 895
41 17 401 975 940
22 19 367 858 943
44 14 644 915 826
8 36 752 879 836
47 11 778 971 940
12 37 789 798 920
34 24 733 797 913
17 42 827 898 839
37 37 840 788 800
45 37 937 919 956
10 31 224 822 848
49 48 54 788 888
35 15 555 804 942
16 17 624 835 894
38 4 875 823 857
25 9 523 957 938
28 22 886 793 896
50 1 648 888 664
14 27 700 821 938
1 50 676 885 894
4 29 35 841 831
26 48 211 852 924
29 13 194 891 874
32 2 536 878 859
41 24 3 838 916
22 28 746 867 956
5 38 596 860 979
44 3 830 807 916
9 33 89 914 946
8 25 792 794 824
47 14 602 787 968
30 44 103 845 868
34 41 895 845 929
17 33 970 806 858
37 36 56 908 977
23 11 550 786 847
45 36 583 811 943
10 8 896 948 965
49 39 174 868 967
35 10 116 861 882
16 26 862 942 785
38 13 79 813 795
25 16 287 961 916
14 20 8 806 816
1 9 17 828 866
4 6 467 837 832
26 49 800 803 958
29 12 100 836 969
32 15 357 861 963
2 48 678 800 897
41 31 916 853 821
22 37 961 922 959
5 45 197 885 965
9 40 845 826 858
8 18 420 814 844
47 21 304 799 807
30 37 2 850 835
34 34 939 785 973
17 40 205 789 816
37 43 641 929 953
42 34 924 893 941
23 14 511 815 809
45 27 61 941 848
10 9 704 808 840
35 1 291 810 725
25 23 358 905 856
14 13 909 904 951
1 16 215 957 845
39 29 442 907 854
4 11 346 938 864
29 3 387 787 820
2 33 273 817 972
41 6 931 932 814
22 46 367 836 903
5 44 112 944 877
9 47 740 826 948
8 15 169 946 888
47 32 352 976 862
17 31 943 796 886
42 43 194 977 942
23 5 458 863 923
45 18 331 804 822
10 50 725 909 867
48 5 722 800 961
13 43 426 945 926
35 28 442 929 952
18 50 629 820 872
25 30 401 931 938
46 47 285 882 960
11 17 614 805 898
50 44 227 907 902
14 6 59 848 852
1 7 877 838 970
39 24 301 804 925
26 3 412 881 959
29 26 417 824 825
41 13 550 839 927
5 19 46 819 907
27 36 424 806 813
8 8 925 815 949
47 39 189 962 879
17 22 601 960 885
20 1 888 844 697
42 20 487 902 901
23 32 762 915 832
45 9 652 794 842
48 14 195 825 790
13 34 427 824 963
35 19 70 898 852
18 43 230 864 875
38 40 499 836 962
46 40 453 965 929
11 28 319 849 895
50 45 358 893 895
36 18 279 889 789
1 30 82 789 933
39 15 387 787 864
26 12 628 934 846
29 17 828 879 861
15 40 466 888 867
5 26 633 830 909
27 43 850 948 853
47 42 64 841 951
30 16 330 915 970
17 13 907 859 973
20 10 2 793 956
42 21 371 798 876
23 23 242 876 851
6 39 641 831 941
45 8 903 958 902
10 36 917 933 860
48 11 700 791 903
35 46 684 876 864
18 36 78 874 952
38 33 634 807 924
24 14 972 894 887
46 33 457 849 928
11 3 522 833 863
50 38 4 912 874
36 23 362 827 919
1 21 451 832 898
39 2 144 867 886
26 13 591 832 839
15 47 47 957 978
2 12 924 921 952
5 1 59 851 704
47 49 5 971 964
30 9 910 978 925
17 4 441 950 834
20 15 899 852 788
3 43 720 969 912
42 30 64 797 959
23 42 464 924 905
6 48 741 871 790
10 37 830 922 907
48 20 752 814 835
35 37 30 859 836
18 37 204 799 961
38 42 496 876 874
43 37 186 914 847
24 11 769 929 789
46 26 955 858 790
11 14 987 862 894
14 49 999 865 936
36 32 485 932 812
26 22 618 831 827
15 50 57 958 871
2 13 967 825 876
40 28 168 799 888
5 16 298 943 972
30 2 69 956 881
20 24 887 806 898
3 38 439 894 792
42 7 297 933 799
23 33 940 887 874
6 41 569 944 974
10 46 883 921 807
48 25 186 949 913
31 33 258 901 956
18 30 413 902 966
43 48 485 941 909
24 4 526 916 895
46 19 652 883 840
33 10 219 854 797
14 42 346 844 923
36 5 799 857 888
26 31 461 807 893
12 32 710 882 963
2 6 656 945 823
40 17 475 910 916
27 8 835 799 888
49 25 852 833 892
30 27 195 910 909
20 29 590 796 827
42 16 184 957 819
6 18 60 958 962
28 45 442 956 868
48 34 458 788 922
31 44 816 845 875
18 23 392 835 815
21 6 917 953 812
43 23 85 952 853
24 25 94 968 953
7 49 970 825 784
46 12 812 973 972
33 1 871 953 647
14 35 796 951 909
36 14 576 787 814
19 48 200 940 814
39 43 157 934 800
12 21 729 799 908
15 4 268 911 937
37 21 65 859 924
2 31 62 927 790
40 10 596 900 920
27 15 842 869 787
49 32 608 835 923
30 20 986 870 893
16 33 551 922 942
20 38 452 961 928
6 27 904 972 909
28 38 825 816 859
48 47 233 910 851
31 19 761 824 851
35 50 338 975 834
18 16 959 872 811
21 13 330 791 814
43 18 967 922 980
24 18 362 978 810
7 44 245 919 979
46 5 229 971 787
11 39 608 837 907
33 8 460 945 822
32 50 526 945 924
19 39 663 861 809
39 46 546 836 963
9 17 754 924 935
12 14 270 888 838
15 11 589 914 882
37 20 475 817 807
2 24 673 935 866
40 7 826 875 786
27 10 215 794 813
49 23 934 945 799
16 42 585 933 936
20 43 32 784 919
3 15 149 850 820
6 4 367 877 805
31 22 193 887 882
18 1 636 939 609
21 12 614 805 942
43 25 141 861 919
24 47 192 918 943
7 35 108 790 784
11 34 417 899 881
33 31 402 976 882
19 34 339 801 956
39 37 884 822 819
44 44 347 962 793
9 24 726 891 801
12 3 582 900 804
15 14 748 822 931
37 27 852 845 952
27 17 371 956 912
49 14 804 956 906
3 10 757 980 893
25 39 634 799 785
6 13 501 973 924
31 29 375 904 869
21 19 248 876 786
43 4 958 785 820
24 40 497 902 906
7 38 945 896 797
11 41 217 868 812
33 22 735 862 790
32 40 552 829 961
36 33 565 796 922
19 25 588 900 826
44 33 736 872 841
9 31 617 815 805
34 11 915 794 826
15 21 605 853 858
37 2 901 898 909
27 28 721 971 954
49 5 492 886 842
13 27 190 831 831
3 1 727 966 730
25 46 973 976 904
28 9 787 898 897
50 28 86 829 836
31 8 281 820 807
21 26 237 844 964
4 36 512 970 970
43 11 786 823 978
7 29 426 905 964
29 42 965 873 891
33 45 305 888 972
32 45 987 863 904
36 42 931 910 784
19 20 254 877 971
22 7 490 829 786
44 26 767 868 810
9 6 95 950 787
12 49 996 824 849
34 4 555 909 808
15 32 244 950 885
37 9 277 806 793
40 46 233 788 935
13 18 847 797 971
16 5 392 872 806
38 24 443 812 840
3 28 110 788 938
28 2 557 826 965
50 29 1000 871 901
31 15 348 784 871
1 46 915 930 806
21 33 511 785 919
4 41 675 865 821
7 24 80 904 950
29 33 952 957 850
33 36 953 949 949
32 22 546 874 976
36 47 756 880 972
19 11 684 952 925
41 36 477 948 906
22 16 228 888 853
44 31 217 961 894
9 13 842 971 968
8 45 490 921 818
12 42 234 909 944
34 5 712 838 944
40 43 181 923 979
10 20 114 953 848
13 9 983 797 868
16 14 226 830 850
38 17 529 861 958
3 19 779 800 805
28 7 571 843 792
50 22 145 802 944
1 37 623 830 887
21 48 907 843 859
4 18 177 865 938
7 15 758 885 841
32 19 656 821 906
19 6 295 840 960
41 43 510 970 956
22 9 549 876 969
5 49 945 864 937
44 24 336 859 832
8 38 51 947 847
47 1 296 970 718
12 47 575 943 943
34 30 474 930 804
40 36 608 925 929
45 47 410 869 942
10 21 782 857 786
49 42 510 865 827
13 8 325 824 888
16 11 576 879 855
38 26 989 964 946
25 3 617 968 795
28 32 768 870 801
50 15 21 789 938
4 23 785 828 907
26 38 131 905 852
7 2 887 848 856
33 50 343 918 853
32 28 694 876 851
41 18 288 854 893
22 18 470 789 800
44 13 505 948 957
8 35 588 848 852
47 12 511 863 910
12 40 788 978 891
34 23 987 960 966
17 43 331 856 880
37 38 547 901 820
45 38 631 826 839
10 30 431 949 874
49 33 456 926 933
35 16 540 949 843
16 20 299 968 942
38 3 195 915 949
25 10 558 970 815
28 21 350 809 922
50 8 110 812 833
14 26 165 792 937
4 32 160 929 838
26 47 245 827 895
29 14 291 920 892
32 1 291 828 694
41 25 687 973 922
22 27 386 802 860
5 39 607 914 790
44 6 796 970 842
9 34 247 870 866
8 28 467 820 873
47 19 512 784 940
30 43 194 886 825
34 48 101 791 884
17 34 694 852 979
37 45 874 837 800
23 12 534 794 979
45 29 638 823 802
10 7 25 848 880
49 40 783 932 811
35 7 821 894 887
16 25 877 805 955
38 12 615 900 971
25 17 636 900 863
14 19 797 784 868
1 10 80 973 892
39 27 64 812 859
4 5 900 868 855
29 5 313 785 924
32 10 587 918 855
2 47 799 974 811
41 32 116 916 973
22 36 564 968 881
5 46 907 962 885
9 41 274 795 808
8 17 857 861 847
47 22 586 895 832
30 36 753 875 884
34 33 457 849 882
17 25 60 826 960
37 44 692 893 802
42 33 423 863 973
23 3 735 881 784
45 28 718 968 892
10 16 690 914 808
13 45 642 886 916
35 2 807 959 789
25 24 936 830 919
11 23 9 793 966
50 50 670 902 930
14 12 414 844 932
1 1 12 899 877
39 30 407 804 870
4 14 829 797 793
29 4 468 825 821
2 40 18 786 907
41 7 611 880 818
22 45 250 922 970
5 21 621 829 884
9 48 871 951 949
8 10 329 861 940
47 29 105 890 813
17 32 830 945 869
42 42 21 851 786
23 6 13 942 885
45 19 934 848 855
10 49 326 810 811
48 8 412 803 971
13 44 555 858 945
35 25 306 967 847
18 49 789 802 871
25 31 768 952 793
46 46 689 809 937
11 18 706 931 886
50 43 72 814 822
14 5 28 786 870
1 8 11 884 788
39 21 94 911 784
26 2 683 972 961
29 27 560 857 823
41 14 418 930 918
5 20 330 920 909
27 33 570 841 886
8 7 254 939 808
47 40 898 902 949
17 23 526 818 947
20 4 64 876 843
42 19 68 980 920
23 29 474 823 883
45 10 941 840 935
48 13 49 790 844
13 35 176 923 815
35 20 146 966 969
18 42 13 866 817
38 39 528 923 869
46 39 794 908 807
11 25 208 938 951
50 36 928 804 826
36 17 149 902 980
1 31 630 945 871
39 16 179 791 898
26 11 619 936 875
29 18 627 881 925
15 37 563 940 960
2 50 927 866 962
5 27 277 922 818
27 44 694 798 817
47 47 397 846 978
30 15 766 866 830
17 14 498 929 845
20 9 581 809 939
42 28 333 910 964
23 24 62 840 791
6 38 693 908 908
45 1 670 906 673
10 35 331 931 801
48 22 577 884 935
35 43 140 874 848
18 35 299 799 915
38 48 930 945 892
24 13 125 811 898
46 32 776 886 856
11 4 807 948 820
50 37 43 953 848
36 26 160 908 853
1 22 854 939 851
39 7 506 897 892
26 20 885 886 845
15 48 585 789 868
2 11 993 969 838
40 30 896 933 961
5 2 43 881 908
47 50 561 885 801
30 8 24 802 799
17 5 662 888 915
20 18 594 856 976
3 44 974 800 933
42 29 924 806 940
23 47 286 941 917
6 47 648 904 929
10 44 493 879 895
48 19 76 931 852
35 38 281 968 888
18 28 288 849 890
38 41 395 898 864
43 38 864 954 942
24 6 605 815 966
46 25 428 921 949
11 11 357 877 957
14 48 493 899 963
36 31 695 826 827
26 21 17 844 872
12 26 62 928 932
2 4 251 882 930
40 27 514 929 803
5 9 556 807 881
30 1 675 928 705
20 23 973 922 872
3 35 593 880 891
42 6 419 971 864
23 34 535 880 972
6 24 956 809 811
10 45 888 934 897
48 28 321 827 861
31 34 777 852 907
18 29 402 825 910
43 45 538 816 830
24 3 915 853 971
46 18 205 857 948
33 11 439 954 960
14 41 373 882 929
36 8 112 821 824
39 49 76 878 954
26 30 295 888 869
12 31 398 821 912
2 5 397 878 936
40 20 97 954 857
27 5 300 808 797
49 26 190 806 919
30 26 444 786 938
20 32 352 978 894
42 15 758 840 902
6 17 254 882 935
28 48 855 866 801
48 33 839 892 868
31 41 231 793 793
18 22 632 939 875
21 7 631 966 871
43 24 959 974 814
24 28 726 943 944
7 50 509 902 858
46 11 520 833 960
33 2 875 900 803
14 34 502 902 895
36 13 115 932 835
19 45 100 802 949
39 44 356 902 784
12 24 878 790 903
15 1 357 859 664
37 22 934 883 894
2 30 337 862 973
40 9 752 848 910
27 16 912 970 794
49 17 59 802 848
30 19 234 873 912
16 36 535 885 868
20 37 103 786 882
6 26 599 969 876
28 37 899 837 939
48 42 580 917 882
31 20 994 869 897
18 15 273 944 925
21 14 594 909 901
43 31 631 949 963
24 17 218 863 866
7 41 443 794 953
46 4 462 844 928
11 40 569 829 924
33 25 435 816 845
32 49 235 956 896
19 40 68 850 854
39 35 655 785 919
9 18 325 961 829
12 13 533 868 815
15 12 829 838 927
37 29 606 899 835
2 23 526 813 857
40 2 2 833 941
27 23 313 851 847
49 24 62 978 876
16 41 595 873 971
20 46 798 883 870
3 16 564 893 922
25 33 530 895 935
6 3 167 833 973
31 27 210 822 942
18 8 827 828 948
21 21 208 914 971
43 26 297 807 891
24 42 577 960 839
7 36 777 848 847
11 47 525 952 868
33 32 129 956 954
19 31 348 842 852
39 38 250 959 829
44 43 440 868 977
9 25 18 846 910
12 6 862 805 924
15 19 392 856 879
37 28 534 952 970
27 18 117 817 839
49 15 687 952 957
13 29 428 899 864
16 50 156 844 852
3 7 363 957 909
25 40 467 972 873
6 12 227 942 800
31 30 166 955 950
21 20 257 941 799
43 1 355 922 686
24 39 370 960 796
7 27 642 923 796
11 42 496 908 928
33 23 603 878 979
32 39 50 802 951
36 36 934 932 813
19 26 668 929 951
44 36 507 954 937
9 32 480 879 825
34 10 84 859 852
15 22 154 797 973
37 3 838 855 796
27 25 703 922 962
49 6 483 798 953
13 28 588 804 937
3 2 613 874 887
25 47 481 895 892
28 12 868 970 964
50 27 921 886 857
31 5 624 868 979
21 27 78 834 819
4 35 921 830 867
43 12 558 855 830
7 30 810 978 874
29 43 730 962 843
33 46 332 843 944
32 48 834 797 896
36 41 511 919 831
19 17 77 797 830
22 6 434 856 848
44 25 555 976 975
9 7 594 820 861
34 3 128 812 915
15 29 977 915 965
37 10 34 820 866
40 45 879 967 924
13 19 574 938 808
16 8 924 832 847
38 23 13 818 820
3 25 126 887 886
28 1 111 959 723
50 20 553 919 964
31 16 160 919 844
1 47 299 866 834
21 34 69 875 851
4 44 537 801 798
7 21 449 795 861
29 34 948 841 810
33 37 716 801 935
32 21 684 790 906
19 12 424 964 785
41 37 430 825 974
22 15 910 969 941
44 18 909 931 896
9 14 960 944 894
8 48 629 949 929
12 41 313 960 833
34 28 109 921 942
37 49 337 839 940
40 38 169 873 816
45 49 773 852 900
10 19 89 800 876
13 10 539 909 908
16 13 52 941 810
38 32 1000 979 952
3 20 495 798 877
28 26 431 835 974
50 21 219 824 856
1 38 708 930 848
21 41 283 817 868
4 17 300 912 834
26 36 26 843 810
7 16 180 957 787
32 30 252 903 889
19 3 482 932 878
41 44 985 788 832
22 24 619 874 905
5 50 643 898 920
44 23 587 937 828
8 37 107 880 875
47 2 264 835 940
12 34 471 834 870
34 29 864 917 952
40 35 896 963 854
45 48 421 837 808
10 28 830 868 926
49 43 723 919 797
13 1 483 875 710
16 22 477 916 923
38 25 662 813 973
25 4 808 961 900
28 31 494 964 980
50 14 193 807 946
14 32 851 820 852
4 26 627 892 812
26 37 74 904 865
7 7 417 791 790
32 27 594 926 819
41 19 746 833 813
22 17 646 786 954
44 16 11 860 789
8 30 385 868 814
47 9 547 900 958
12 39 770 817 854
34 22 216 795 879
17 44 953 969 861
37 39 42 927 822
45 39 723 841 790
10 29 48 847 930
49 34 403 850 952
35 13 825 911 967
16 19 957 922 811
38 2 257 876 795
25 11 326 916 823
28 24 927 935 872
50 7 410 877 849
14 25 185 794 818
4 31 252 973 935
26 46 106 922 972
29 15 650 914 943
32 4 868 822 844
41 26 974 806 885
22 26 615 889 943
5 40 218 958 804
44 5 398 943 882
9 35 163 841 877
8 27 960 941 889
47 20 694 892 888
30 42 551 918 881
34 47 978 940 836
17 35 394 890 849
37 46 259 913 847
23 9 728 812 862
45 30 69 909 924
10 6 67 941 975
35 8 521 938 973
16 28 911 880 975
38 11 44 820 797
25 18 264 817 808
14 18 594 816 851
1 11 688 869 894
39 28 681 844 935
4 8 923 967 900
29 6 813 966 959
32 9 708 802 790
2 46 471 966 946
41 1 266 853 729
22 35 744 948 891
5 47 53 822 790
9 42 933 837 787
8 20 9 798 937
47 27 814 964 901
30 35 160 801 859
34 40 357 856 825
17 26 827 919 889
42 40 54 917 869
23 4 894 921 899
45 21 325 868 902
10 15 388 927 950
13 46 555 946 883
35 31 897 923 797
25 25 73 926 896
11 24 3 964 923
50 49 728 839 950
14 11 234 807 959
1 2 831 925 889
39 19 582 954 886
4 13 484 806 864
29 29 193 895 882
2 39 170 821 946
41 8 402 915 834
22 44 660 855 910
5 22 471 830 941
27 39 253 928 871
8 9 973 814 932
47 30 424 889 962
17 17 627 791 958
42 41 876 802 965
23 27 984 874 850
45 20 185 961 916
48 7 663 820 936
13 37 410 903 905
35 26 162 952 883
25 32 946 940 790
46 45 768 899 949
11 31 522 803 791
50 42 903 935 802
14 4 100 899 960
1 25 635 814 878
39 22 318 803 829
26 1 565 893 734
29 28 397 832 888
15 35 631 813 959
41 15 445 956 907
5 29 367 834 921
27 34 700 799 885
8 2 789 888 940
47 37 487 834 829
34 50 367 882 843
17 24 13 927 787
20 3 314 952 906
42 18 361 854 916
23 30 14 958 965
45 11 829 884 931
48 16 612 953 819
13 36 113 892 964
35 17 538 930 971
18 41 335 792 940
38 38 917 833 952
43 49 521 801 965
46 38 741 892 809
11 26 523 923 844
50 35 726 929 853
36 20 753 885 800
1 32 867 927 787
39 13 472 925 814
26 10 987 874 822
29 19 365 865 892
15 38 152 941 806
2 49 60 824 806
5 28 866 805 938
27 41 472 820 876
47 48 645 801 857
30 14 991 866 863
17 15 126 865 885
20 12 271 923 906
42 27 181 932 881
23 21 610 891 784
6 37 156 947 908
45 2 776 889 955
10 34 348 792 826
48 21 683 885 802
35 44 668 885 956
18 34 941 964 872
38 47 635 878 801
24 16 619 867 979
46 31 332 901 958
11 1 483 886 641
36 25 203 918 921
1 23 565 933 816
39 8 957 867 943
26 19 702 816 874
15 45 96 919 904
2 10 374 858 906
40 29 427 796 872
5 3 153 966 871
30 7 423 798 820
17 6 11 869 895
20 17 359 903 871
3 41 669 795 792
42 4 368 785 876
23 48 580 785 868
6 46 451 893 965
10 43 59 902 916
48 30 521 941 837
35 35 971 952 804
18 27 537 979 870
43 35 697 929 939
24 5 624 799 879
46 24 623 857 869
11 12 722 849 847
14 47 661 829 929
36 2 540 838 819
26 28 113 842 853
12 25 675 978 812
2 3 666 828 887
40 22 54 941 940
5 10 783 811 887
30 32 13 819 931
20 26 826 859 830
3 36 251 845 809
42 5 255 872 849
23 39 933 845 940
6 23 91 857 972
28 42 896 811 799
48 27 292 837 965
31 39 539 968 973
18 20 6 803 839
43 46 705 831 813
24 30 342 856 903
46 17 333 958 845
33 12 617 818 852
14 40 605 930 805
36 7 902 840 978
39 50 177 974 857
26 29 390 830 914
12 18 969 842 888
2 28 361 859 818
40 19 240 954 930
27 6 797 962 787
49 27 843 885 902
30 25 41 861 825
16 38 484 850 829
20 31 246 886 877
42 14 920 804 849
6 32 38 979 857
28 47 769 971 934
48 36 710 911 829
31 42 89 842 952
18 21 100 891 873
21 8 127 816 978
43 21 977 869 899
24 27 771 980 843
46 10 481 899 977
33 3 376 934 935
14 33 327 967 832
36 16 462 958 952
19 46 396 912 928
39 41 314 887 938
12 23 543 803 963
15 2 853 858 836
37 23 884 815 788
2 29 874 931 978
40 12 888 950 945
27 13 67 820 966
49 18 24 950 945
30 18 565 867 842
16 35 100 896 979
20 40 771 891 805
23 49 941 962 869
6 25 687 816 787
28 40 570 894 859
48 41 64 884 952
31 17 365 807 960
18 14 209 809 954
21 15 827 909 979
43 32 573 860 831
24 20 559 801 833
7 42 49 899 816
46 3 391 795 960
11 37 875 877 962
33 26 37 812 791
19 37 906 921 823
39 36 240 853 947
9 19 788 797 863
12 16 385 833 875
15 9 223 868 946
37 30 645 897 877
2 22 333 842 914
40 1 532 968 677
27 24 267 890 960
49 9 854 896 939
16 44 684 932 880
20 45 56 938 829
3 13 891 819 911
25 34 77 862 942
6 2 288 799 813
48 50 524 823 818
31 28 289 829 918
18 7 686 934 826
21 22 770 888 903
43 7 921 927 924
24 41 635 902 966
7 33 118 856 965
11 48 7 843 958
33 17 887 796 890
19 32 567 900 823
41 49 116 947 918
44 46 251 830 882
9 26 951 895 889
12 5 569 828 964
15 20 411 874 898
37 5 353 860 947
27 31 624 830 953
49 16 575 968 895
13 30 967 803 814
16 49 896 943 911
3 8 768 805 849
25 41 379 896 834
6 11 484 962 863
31 3 60 884 975
21 29 670 976 849
43 2 846 947 841
24 34 35 966 813
7 28 451 825 959
29 45 831 792 825
33 24 734 876 862
32 34 915 819 904
36 35 472 956 929
19 23 231 950 950
44 35 863 787 876
9 1 38 797 593
34 9 998 922 831
15 27 14 974 953
37 4 259 845 936
27 26 649 810 798
49 7 881 934 785
13 21 802 794 797
3 31 213 877 935
25 48 488 907 854
28 11 411 975 967
50 26 342 910 893
31 6 12 784 805
1 41 685 881 851
21 28 793 915 965
4 38 167 833 950
43 9 508 930 947
7 19 536 885 908
29 44 216 789 925
33 47 224 845 930
32 47 453 866 825
36 44 72 906 848
19 18 542 917 884
22 5 449 841 897
44 28 440 960 980
9 8 58 832 840
8 50 774 855 951
34 2 783 839 973
15 30 692 802 803
37 11 514 865 803
40 48 854 949 809
13 20 805 819 954
16 7 424 804 786
38 22 525 832 907
3 26 799 927 788
28 4 597 800 917
50 19 845 973 860
31 13 114 796 900
1 48 765 865 891
21 35 700 851 786
4 43 263 943 878
7 22 238 886 939
29 35 590 867 888
33 38 964 882 813
32 24 633 975 964
19 9 34 938 826
41 38 52 791 972
22 14 972 957 804
44 17 253 844 852
9 15 9 911 787
8 47 93 967 896
12 44 765 854 858
34 27 529 816 847
37 50 541 923 790
40 37 701 828 958
45 50 957 901 896
10 18 382 796 976
13 11 274 962 960
16 16 390 948 934
38 31 205 912 795
3 17 104 834 953
28 25 91 866 831
50 12 908 903 897
1 39 586 836 938
21 42 227 872 815
4 20 993 880 908
26 35 604 940 805
7 13 509 802 810
32 29 818 949 844
19 4 891 960 787
41 45 824 941 857
22 23 247 828 808
44 10 680 863 815
8 40 370 960 883
47 7 97 819 924
12 33 745 854 862
34 20 143 928 810
45 41 770 874 955
10 27 333 918 805
49 44 443 862 801
13 2 592 892 858
16 21 378 859 936
38 8 100 969 930
25 5 260 968 930
28 18 537 865 939
50 13 830 881 799
14 31 67 857 877
21 49 583 897 797
4 25 689 961 832
26 44 819 801 937
7 8 219 883 904
29 49 581 810 879
32 6 63 848 830
41 20 543 895 845
22 32 260 872 827
44 15 177 795 912
8 29 8 913 843
47 10 857 919 846
30 48 905 956 945
34 21 61 922 804
17 45 27 941 849
37 40 612 852 814
45 40 356 874 887
10 4 819 893 881
49 35 202 813 929
35 14 634 916 919
16 30 979 806 791
38 1 93 876 681
25 12 888 920 828
28 23 310 837 789
50 6 228 907 950
14 24 105 831 975
4 2 771 806 957
26 45 218 913 826
29 16 39 873 947
32 3 658 891 974
2 44 216 914 975
41 27 263 804 837
22 25 497 806 848
5 33 440 803 973
44 8 828 971 850
9 36 107 948 977
8 22 256 823 858
47 17 171 947 796
30 41 883 840 950
34 46 976 955 840
17 36 219 895 922
37 47 339 975 850
23 10 492 948 842
45 31 367 877 882
10 5 912 920 859
35 5 363 850 949
16 27 330 915 784
38 10 593 864 962
25 19 573 836 892
14 17 676 800 853
1 12 673 831 889
39 25 696 800 979
4 7 607 917 968
29 7 868 938 893
32 12 822 795 799
2 45 563 861 916
41 2 656 788 843
22 34 139 977 899
5 48 830 956 860
9 43 653 857 850
8 19 689 926 808
47 28 7 791 827
30 34 650 805 971
34 39 983 871 809
17 27 907 946 885
42 39 131 831 852
23 1 327 876 677
45 22 946 977 818
10 14 624 962 816
13 47 101 881 965
35 32 1000 975 841
25 26 234 889 960
11 21 655 978 836
14 10 204 975 913
1 3 277 911 810
39 20 860 792 904
4 16 776 968 939
29 30 715 791 801
2 38 766 814 929
41 9 693 818 943
22 43 113 811 854
5 23 593 917 791
27 40 233 932 873
8 12 502 874 799
47 35 682 944 857
17 18 348 847 797
42 48 761 887 827
23 28 357 938 944
6 50 77 794 904
45 13 472 799 917
48 2 277 835 855
13 38 800 815 809
35 23 933 913 878
46 44 18 799 806
11 32 25 918 788
50 41 387 853 895
14 3 713 913 810
1 26 245 905 876
39 11 467 795 907
26 8 157 784 884
29 21 593 917 830
15 36 137 846 809
41 16 523 942 795
5 30 4 923 968
27 47 684 868 812
8 1 211 814 715
47 38 95 908 800
34 49 781 932 892
17 9 29 977 805
20 6 643 878 930
42 17 300 869 800
23 19 417 883 969
45 12 326 904 940
48 15 713 795 831
35 18 872 903 835
18 48 710 845 854
38 37 97 954 802
43 50 493 788 828
46 37 748 972 884
11 7 199 944 822
50 34 315 907 951
36 19 533 938 914
1 17 977 812 957
39 14 959 953 824
26 9 982 862 887
29 20 439 802 925
15 43 760 833 852
5 5 453 926 846
27 42 954 899 917
47 45 733 852 886
30 13 322 933 870
17 16 25 873 906
20 11 74 793 888
3 47 95 973 850
42 26 700 865 918
23 22 133 846 921
6 36 863 795 957
45 3 726 796 885
10 33 227 824 875
48 24 646 920 885
35 41 134 785 858
18 33 778 941 889
38 46 456 821 821
24 15 531 902 929
46 30 161 848 832
11 2 912 806 840
36 28 162 869 791
1 24 232 832 906
39 5 10 883 855
26 18 222 800 842
15 46 951 801 898
2 9 91 894 925
40 32 212 890 814
5 4 665 791 906
27 49 288 830 927
30 6 200 830 919
17 7 663 976 926
20 20 290 921 937
3 42 587 899 938
42 3 503 839 870
23 45 116 850 909
6 45 641 859 851
10 42 567 915 870
48 29 900 978 919
35 36 643 936 889
18 26 446 953 797
43 36 985 951 828
24 8 907 960 813
46 23 875 973 950
11 9 781 801 792
14 46 25 965 842
36 1 682 855 620
26 27 816 930 815
12 28 510 817 854
2 2 1000 970 962
40 21 663 938 909
5 11 520 818 932
30 31 10 887 786
20 25 755 822 904
3 33 57 868 922
42 12 219 824 870
23 40 861 869 787
6 22 641 871 810
28 41 135 972 980
48 38 408 930 905
31 40 66 904 970
18 19 700 870 810
43 43 192 833 846
24 29 568 817 913
46 16 290 862 807
33 13 926 891 873
14 39 419 970 797
36 10 409 924 893
12 17 582 828 845
2 27 470 816 907
40 14 953 914 899
27 3 968 841 944
49 28 535 803 887
30 24 301 955 804
16 37 295 794 828
20 34 309 824 826
42 13 170 883 892
6 31 806 952 928
28 34 118 905 943
48 35 400 825 846
31 47 650 974 909
18 12 545 917 807
21 1 534 896 722
43 22 578 795 900
24 22 282 969 976
46 9 18 881 934
33 4 664 851 958
36 15 783 928 801
19 43 861 965 913
39 42 213 875 837
12 10 609 893 875
15 7 750 965 958
37 24 520 844 977
2 20 890 980 784
40 11 54 846 959
27 14 477 836 971
49 19 104 885 897
30 17 983 944 864
16 46 171 785 810
20 39 872 976 924
23 50 537 875 805
6 8 202 922 958
28 39 168 875 842
48 44 640 843 812
31 18 182 944 899
18 13 817 844 902
21 16 438 947 863
4 50 952 786 796
43 29 229 902 826
24 19 782 957 907
7 47 847 957 888
46 2 922 907 896
11 38 755 858 868
33 27 307 838 974
19 38 726 852 829
39 33 510 944 827
9 20 325 934 854
12 15 876 944 872
15 10 751 956 858
37 31 741 875 949
2 21 921 852 840
40 4 219 808 824
27 21 616 856 926
49 10 483 835 794
16 43 75 857 819
20 48 999 857 951
3 14 187 896 875
25 35 93 854 978
6 1 190 802 608
48 49 927 841 931
31 25 436 840 812
18 6 232 955 794
21 23 26 821 933
43 8 904 839 865
24 44 395 912 911
7 34 21 959 923
11 45 852 948 977
33 18 755 903 909
19 29 492 835 902
41 50 972 953 895
44 45 888 936 944
9 27 907 810 806
12 8 463 977 799
15 17 664 931 978
37 6 326 810 881
27 32 572 834 964
49 1 652 864 600
13 31 709 833 976
3 5 928 930 970
25 42 525 941 826
6 10 759 885 823
31 4 584 904 821
21 30 458 894 955
43 15 629 863 805
24 33 989 950 970
7 25 489 908 820
29 46 966 794 896
33 41 862 842 868
32 33 851 840 974
36 38 616 797 834
19 24 95 980 827
44 38 749 885 867
9 2 76 942 870
34 16 880 851 790
15 28 993 816 920
37 13 954 975 872
40 50 129 818 936
49 8 893 921 814
13 22 508 892 812
3 32 666 890 979
25 49 497 822 920
28 14 213 828 950
50 25 727 977 843
31 11 284 788 848
1 42 658 907 970
21 37 541 928 891
4 37 724 868 900
43 10 878 855 972
7 20 690 827 947
29 37 506 949 905
33 48 875 828 962
32 42 190 916 887
36 43 138 977 804
19 15 105 917 959
22 4 33 959 850
44 27 318 906 883
9 9 120 859 935
8 49 251 888 876
34 1 172 908 655
37 12 572 976 895
40 47 592 961 786
13 13 240 851 832
16 2 133 898 913
38 21 625 873 869
3 23 730 785 846
28 3 108 951 845
50 18 533 941 946
31 14 407 960 793
1 33 515 878 847
21 36 761 954 797
4 46 380 976 884
7 11 833 968 895
29 36 188 843 826
33 39 260 898 812
32 23 284 882 832
19 10 221 865 792
41 39 883 922 958
22 13 399 846 856
44 20 88 884 948
9 16 181 900 869
8 42 54 869 802
12 43 772 866 951
34 26 316 893 880
40 40 308 866 847
10 17 738 805 973
13 12 789 804 899
16 15 375 943 949
38 30 730 876 788
3 18 784 792 871
28 28 605 839 912
50 11 672 789 831
1 40 928 892 917
21 43 868 831 946
4 19 633 803 852
26 34 542 914 865
7 14 299 919 938
32 32 285 936 927
19 1 878 946 605
41 46 910 950 846
22 22 731 793 865
44 9 794 892 817
8 39 375 910 829
47 8 846 897 927
12 36 247 947 950
34 19 343 939 787
45 42 762 804 790
10 26 982 801 789
49 45 92 889 890
13 3 976 944 953
16 24 812 969 823
38 7 986 824 925
25 6 993 816 921
28 17 698 924 894
50 4 801 883 933
14 30 506 852 893
21 50 932 848 861
4 28 719 876 931
26 43 875 893 921
7 5 37 888 949
29 50 382 968 979
32 5 368 856 905
41 21 767 956 835
22 31 630 866 945
44 2 648 850 796
8 32 785 831 975
47 15 106 970 911
30 47 196 898 856
34 44 420 831 798
17 46 428 937 794
37 33 779 840 833
45 33 738 934 900
10 3 7 817 947
49 36 106 812 851
35 11 744 817 885
16 29 148 879 878
38 16 889 848 856
25 13 722 807 960
50 5 601 788 829
14 23 483 900 880
4 1 987 928 692
29 9 964 848 899
32 14 34 979 881
2 43 707 889 826
41 28 564 948 801
22 40 64 794 905
5 34 450 912 787
44 7 983 909 947
9 37 7 865 814
8 21 282 836 923
47 18 239 878 870
30 40 788 837 855
34 45 20 908 935
17 37 586 864 884
37 48 229 874 882
23 15 593 931 955
45 32 243 878 855
10 12 971 913 835
13 49 765 868 903
35 6 965 837 901
38 9 390 915 884
25 20 132 979 886
14 16 201 932 831
1 13 998 809 926
39 26 641 860 946
4 10 467 890 949
29 8 163 786 909
32 11 664 802 787
2 36 164 946 885
41 3 896 955 942
22 33 807 962 959
5 41 608 864 877
9 44 986 933 940
8 14 320 925 836
47 25 756 955 868
30 33 232 970 834
34 38 454 811 867
17 28 351 855 851
42 38 901 887 875
23 2 855 841 959
45 23 63 809 924
10 13 704 832 898
13 48 675 869 791
35 29 163 911 830
38 50 908 973 910
25 27 35 880 969
46 50 852 898 923
11 22 665 952 951
14 9 144 877 933
1 4 632 858 818
39 17 893 819 848
4 15 262 946 880
29 31 775 938 960
2 37 739 837 837
41 10 903 810 955
22 42 306 913 908
5 24 615 875 927
27 37 585 809 806
8 11 753 800 854
47 36 44 818 932
17 19 350 920 807
42 47 203 814 971
23 25 111 884 788
6 49 96 794 889
45 14 14 943 978
48 1 552 833 641
13 39 559 796 970
35 24 526 972 935
46 43 548 926 914
11 29 101 919 849
50 48 818 852 792
14 2 407 785 979
1 27 621 915 802
39 12 131 836 858
26 7 409 821 934
29 22 881 924 856
15 33 656 882 880
5 31 485 901 908
27 48 711 920 950
8 4 885 943 907
47 43 986 949 793
17 10 695 904 855
20 5 796 788 827
42 24 673 897 878
23 20 781 946 893
45 5 413 847 907
48 10 232 834 879
35 47 299 821 814
18 47 903 933 853
38 36 642 949 951
46 36 883 831 938
11 8 351 834 910
50 33 477 930 842
36 22 891 903 803
1 18 10 804 888
39 3 263 813 960
26 16 614 788 812
15 44 494 955 793
5 6 948 819 796
47 46 916 798 838
30 12 874 978 796
17 1 608 919 722
20 14 324 814 950
3 48 526 857 859
42 25 326 832 793
23 43 261 945 792
6 35 830 927 888
45 4 537 784 860
10 40 129 799 897
48 23 336 810 974
35 42 5 891 873
18 40 433 890 980
38 45 381 895 791
24 10 885 881 821
46 29 708 888 796
11 15 858 924 841
36 27 67 916 919
39 6 884 819 844
26 17 556 976 937
2 16 635 795 901
40 31 831 912 970
5 13 41 935 851
27 50 172 855 786
30 5 353 831 921
17 8 914 880 968
20 19 81 932 926
3 39 493 979 905
42 2 8 865 976
23 46 55 937 845
6 44 185 897 805
10 41 926 848 874
48 32 139 888 969
35 33 588 831 891
18 25 766 796 850
43 33 606 948 832
24 7 59 939 915
46 22 801 833 948
11 10 705 937 831
14 45 300 921 903
36 4 614 856 897
26 26 765 858 842
12 27 745 915 805
2 1 421 818 590
40 24 87 796 920
5 12 42 789 872
30 30 658 835 792
20 28 960 803 903
3 34 881 816 800
42 11 875 839 858
23 37 713 899 914
6 21 68 808 786
28 44 980 866 785
48 37 709 908 932
31 37 51 850 976
18 18 824 970 917
43 44 953 900 793
24 32 989 970 800
46 15 59 841 812
11 49 588 820 956
33 14 204 824 797
14 38 137 885 970
36 9 379 978 858
19 49 622 914 924
12 20 86 932 836
2 26 213 815 913
40 13 598 873 839
27 4 705 868 980
49 29 408 804 844
30 23 589 838 884
16 40 266 794 934
20 33 30 872 896
6 30 351 977 793
28 33 31 799 805
48 46 727 806 869
31 48 619 818 901
18 11 408 967 882
21 2 200 808 896
43 19 189 820 850
24 21 331 791 852
46 8 801 884 803
33 5 991 903 836
36 50 683 962 854
19 44 451 871 944
39 47 239 826 802
44 50 789 846 867
12 9 572 868 894
15 8 473 973 953
37 17 244 876 899
2 19 969 936 925
40 6 407 963 840
27 11 806 822 920
49 20 480 886 962
16 45 882 812 900
20 42 121 852 876
6 7 617 866 867
48 43 410 900 817
31 23 513 936 936
18 4 816 823 895
21 9 836 818 857
4 49 244 808 797
43 30 762 792 917
24 46 72 790 960
7 48 29 857 917
46 1 277 884 703
11 35 746 902 895
33 28 435 871 977
19 35 862 829 792
39 34 379 937 797
9 21 136 815 966
12 2 988 862 970
15 15 614 870 804
37 32 537 890 980
40 3 921 921 813
27 22 743 853 919
49 11 948 977 883
20 47 945 862 934
3 11 48 811 872
25 36 126 871 972
6 16 65 841 952
31 26 65 952 848
18 5 221 913 963
21 24 769 860 817
43 5 829 945 811
24 43 84 860 836
7 39 968 877 884
11 46 744 831 812
33 19 888 794 815
19 30 455 925 891
44 48 170 815 877
9 28 255 931 844
12 7 103 805 827
15 18 652 877 839
37 7 915 800 973
27 29 932 975 813
49 2 465 834 909
13 32 803 802 804
3 6 437 806 947
25 43 153 882 880
6 9 678 895 935
31 1 103 789 729
21 31 718 925 920
43 16 612 878 923
24 36 403 857 824
7 26 111 873 838
29 47 142 889 864
33 42 37 958 967
32 36 677 900 842
36 37 279 883 836
19 21 900 808 829
44 37 453 858 940
9 3 581 898 794
34 15 353 858 843
15 25 383 796 900
37 14 496 967 825
40 49 209 802 977
13 23 858 907 912
3 29 181 925 954
25 50 409 966 960
28 13 459 906 880
50 32 781 952 807
31 12 355 893 904
1 43 35 874 903
21 38 599 969 888
4 40 780 824 968
7 17 214 873 940
29 38 443 952 869
33 33 74 881 894
32 41 657 882 936
36 46 17 864 819
19 16 647 932 939
41 33 575 916 810
22 3 407 784 921
44 30 171 883 829
9 10 772 790 950
34 8 462 947 870
40 42 84 923 885
13 14 39 881 875
16 1 613 816 679
38 20 107 898 933
3 24 368 965 890
28 6 852 956 943
50 17 712 875 847
1 34 289 941 843
21 45 462 867 954
4 45 814 925 960
24 50 85 880 803
7 12 222 828 948
33 40 266 966 801
32 18 3 815 932
19 7 651 952 843
41 40 246 923 970
22 12 605 849 969
44 19 551 927 869
9 49 302 893 963
8 41 141 955 951
12 46 258 980 869
34 25 20 977 895
17 49 266 837 799
40 39 629 923 784
10 24 402 869 945
13 5 84 850 870
16 10 58 886 816
38 29 856 879 938
28 27 86 815 809
50 10 248 931 849
21 44 197 936 801
4 22 598 857 795
26 33 776 807 809
7 3 58 934 811
32 31 447 834 955
19 2 292 816 876
41 47 798 810 885
22 21 597 824 900
44 12 70 883 943
8 34 206 835 808
47 5 333 802 868
12 35 931 874 877
34 18 794 938 836
42 50 245 850 971
45 43 8 849 871
10 25 72 903 922
49 46 804 975 877
13 4 472 878 850
16 23 663 820 866
38 6 858 803 852
25 7 655 821 973
28 20 18 896 902
50 3 851 942 930
14 29 972 912 888
4 27 946 865 865
26 42 840 805 892
7 6 899 868 898
32 8 445 948 787
41 22 942 817 972
22 30 205 920 969
44 1 969 813 613
8 31 40 939 869
47 16 967 955 788
30 46 781 876 939
34 43 566 916 977
17 47 643 858 919
37 34 744 849 883
45 34 973 796 906
10 2 907 880 938
49 37 459 837 890
35 12 673 804 930
16 32 745 966 897
38 15 914 916 904
25 14 639 849 855
14 22 565 921 978
4 4 254 787 874
29 10 162 969 896
32 13 947 922 929
2 42 402 947 831
41 29 383 959 795
22 39 591 938 856
5 35 784 911 906
9 38 791 794 907
8 24 948 868 877
47 23 353 785 965
30 39 847 899 792
34 36 637 921 974
17 38 393 825 804
37 41 217 876 916
42 36 865 950 821
23 16 922 811 882
45 25 374 828 874
10 11 726 817 825
13 50 195 972 866
35 3 502 968 806
25 21 67 943 798
14 15 175 797 844
1 14 818 792 960
39 31 498 910 865
4 9 586 942 858
29 1 592 901 620
2 35 406 818 791
41 4 835 855 898
22 48 355 789 873
5 42 626 932 970
9 45 358 912 930
8 13 86 947 954
47 26 334 910 829
34 37 414 819 922
17 29 714 827 886
42 37 945 796 887
23 7 276 831 793
45 24 415 888 904
13 41 79 977 787
35 30 647 869 894
38 49 82 815 934
25 28 376 875 933
46 49 272 798 863
11 19 205 799 850
14 8 892 852 856
1 5 479 823 967
39 18 44 886 822
29 32 96 884 915
41 11 942 825 861
22 41 22 926 970
5 17 206 816 947
27 38 750 895 899
8 6 266 923 870
47 33 62 843 973
17 20 603 881 920
42 46 468 879 962
23 26 451 842 975
45 15 714 793 863
48 4 45 785 957
13 40 297 813 849
35 21 15 922 956
46 42 47 967 891
11 30 962 788 895
50 47 758 803 904
14 1 698 952 616
1 28 503 788 968
39 9 263 966 925
26 6 320 873 842
29 23 686 808 944
15 34 185 888 909
22 50 383 978 824
5 32 188 815 920
27 45 543 852 890
8 3 348 902 916
47 44 843 971 886
30 50 206 930 962
17 11 403 887 934
20 8 507 826 910
42 23 397 816 970
23 17 207 878 882
45 6 625 913 964
48 9 733 822 889
31 49 735 974 938
35 48 341 895 841
18 46 758 956 968
38 35 813 917 893
46 35 211 974 799
11 5 199 883 852
50 40 548 958 913
36 21 170 791 795
1 19 216 926 907
39 4 988 826 838
26 15 621 822 802
15 41 716 963 926
5 7 295 915 891
30 11 793 815 830
17 2 946 820 828
20 13 727 954 813
3 45 785 843 820
42 32 802 886 847
23 44 759 802 896
6 34 898 850 887
10 39 177 798 836
48 18 986 799 891
35 39 571 939 829
18 39 378 839 899
38 44 181 934 816
43 39 865 784 813
24 9 83 804 948
46 28 857 980 877
11 16 498 959 817
36 30 147 807 947
26 24 110 908 951
2 15 574 902 842
40 26 963 805 942
5 14 631 944 801
30 4 99 830 934
20 22 352 794 815
3 40 876 856 959
42 1 833 979 688
23 35 851 857 886
6 43 360 890 809
10 48 383 815 938
48 31 643 903 909
31 35 520 801 972
35 34 288 978 793
18 32 66 943 816
43 34 742 905 956
24 2 222 829 903
46 21 828 875 922
14 44 666 838 975
36 3 127 854 897
26 25 66 912 943
12 30 46 974 958
2 8 657 852 869
40 23 637 873 845
30 29 505 974 785
20 27 82 959 873
42 10 310 933 947
23 38 424 804 808
6 20 740 967 900
28 43 597 893 822
48 40 777 896 954
31 38 122 884 958
18 17 770 850 883
43 41 865 887 898
24 31 657 934 790
46 14 16 921 944
11 50 205 839 796
33 15 998 871 937
14 37 80 931 889
36 12 163 843 834
19 50 159 795 974
12 19 412 909 795
2 25 305 814 960
40 16 437 966 969
27 1 766 827 662
49 30 638 806 936
30 22 981 922 911
16 39 750 889 942
20 36 453 831 823
6 29 143 784 881
28 36 234 869 973
48 45 699 864 804
31 45 991 835 923
18 10 67 855 920
21 3 57 811 928
43 20 509 922 905
24 24 238 870 926
46 7 387 881 960
33 6 625 888 915
36 49 643 980 848
19 41 228 796 849
39 48 809 803 858
44 49 347 853 863
12 12 514 821 861
15 5 534 799 965
37 18 816 928 866
2 18 253 906 894
40 5 363 784 806
27 12 194 947 875
49 21 683 942 839
16 48 31 824 785
20 41 35 841 878
3 49 470 819 881
6 6 856 785 917
31 24 523 946 904
18 3 468 852 947
21 10 134 965 876
43 27 526 849 905
24 45 44 895 920
7 45 590 909 821
11 36 46 886 936
33 29 796 962 861
19 36 369 887 964
39 39 636 792 828
44 42 421 809 910
9 22 846 893 942
12 1 626 788 681
15 16 413 934 878
37 25 384 884 918
27 19 334 854 902
49 12 716 796 870
20 50 131 937 936
3 12 905 815 807
25 37 145 919 915
6 15 434 785 945
28 50 920 874 859
31 31 59 794 899
21 17 960 912 867
43 6 859 842 964
24 38 614 906 953
7 40 773 858 796
11 43 827 791 949
33 20 59 924 860
32 38 488 867 821
19 27 384 931 838
44 47 209 977 937
9 29 685 832 802
15 23 769 884 957
37 8 838 912 870
27 30 893 970 979
49 3 781 884 858
13 25 207 841 868
3 3 407 897 843
25 44 10 800 879
31 2 343 793 951
21 32 74 818 881
4 34 822 836 916
43 13 994 954 962
24 35 39 931 833
7 31 672 817 908
29 48 470 877 869
33 43 511 850 948
32 35 526 812 897
36 40 643 798 917
19 22 939 838 938
44 40 797 910 885
9 4 469 795 947
34 14 647 872 896
15 26 558 801 967
37 15 790 948 938
13 24 967 809 806
3 30 637 804 880
28 16 880 934 946
50 31 380 803 956
31 9 171 829 843
1 44 473 970 887
21 39 905 874 895
4 39 25 923 814
7 18 42 788 826
29 39 530 853 951
33 34 765 840 796
32 44 397 840 801
36 45 488 904 822
19 13 686 811 861
41 34 105 844 838
22 2 73 831 862
44 29 138 907 969
9 11 963 789 966
34 7 77 813 801
40 41 685 828 804
49 49 123 944 853
13 15 214 793 936
16 4 847 880 801
38 19 87 866 852
3 21 744 835 920
28 5 206 966 979
50 24 74 961 927
1 35 900 975 839
21 46 383 798 955
4 48 117 797 869
24 49 104 816 845
7 9 852 978 912
32 17 580 923 952
19 8 494 927 785
41 41 494 792 944
22 11 759 964 809
44 22 868 808 833
9 50 303 948 956
8 44 705 927 854
47 3 972 884 958
12 45 552 952 855
34 32 396 810 849
17 50 122 961 896
40 34 274 866 786
45 45 242 848 797
10 23 960 870 933
13 6 173 934 903
16 9 458 898 909
38 28 389 865 892
25 1 943 907 651
28 30 93 874 859
50 9 297 958 891
4 21 90 917 906
26 40 16 803 895
7 4 209 869 974
32 26 750 879 978
41 48 988 898 895
22 20 352 893 906
44 11 784 946 876
8 33 857 810 962
47 6 147 895 923
12 38 577 956 864
34 17 880 968 971
17 41 206 926 954
42 49 81 903 973
45 44 168 796 887
10 32 937 828 825
49 47 562 976 901
16 18 987 814 822
38 5 280 976 892
25 8 376 852 871
28 19 33 855 812
50 2 996 885 871
14 28 553 819 798
1 49 354 910 913
4 30 244 789 922
26 41 581 810 912
4
7 7
1407 7
1407 1407
7 1407
