100
1 13870 2 6223 3 7083 4 14216 5 9632 6 10991 7 10629 8 4431 9 9659 10 582 11 671 12 712 13 576 14 17352 15 2286 16 1949 17 1443 18 7550 19 12506 20 19382 21 1746 22 6528 23 14127 24 12019 25 3724 26 19060 27 2722 28 2774 29 996 30 18105 31 6486 32 27649 33 6813 34 19545 35 9662 36 13864 37 26220 38 10349 39 686 40 660 41 648 42 576 43 713 44 10665 45 6042 46 5387 47 12968 48 10411 49 15129 50 12959 51 6140 52 8929 53 576 54 6230 55 5726 56 771 57 1532 58 576 59 5563 60 8829 61 8660 62 1181 63 3387 64 17471 65 13403 66 3515 67 6170 68 13744 69 4986 70 24516 71 15358 72 8621 73 19822 74 19052 75 1541 76 24781 77 3791 78 12774 79 6203 80 17031 81 24031 82 3033 83 18511 84 14027 85 8170 86 2996 87 7522 88 10758 89 4414 90 4821 91 10398 92 12330 93 7629 94 6182 95 8550 96 11320 97 8161 98 20934 99 16598 100 5774 
1 2232 2 2382 3 10720 4 8797 5 3774 6 958 7 3698 8 11379 9 2378 10 10988 11 19144 12 15616 13 14806 14 17415 15 6856 16 17114 17 5652 18 16775 19 2645 20 725 21 15626 22 10374 23 1369 24 9515 25 7281 26 10303 27 6924 28 9751 29 2338 30 8929 31 11812 32 12459 33 12478 34 4015 35 11105 36 4706 37 8042 38 2026 39 3802 40 7018 41 1345 42 1561 43 3023 44 2727 45 9139 46 925 47 1813 48 576 49 11163 50 11484 51 9068 52 6845 53 6267 54 6594 55 10104 56 9597 57 4618 58 9373 59 6822 60 5325 61 4185 62 1886 63 576 64 10255 65 8521 66 9681 67 11796 68 13571 69 14539 70 1251 71 3481 72 7217 73 1403 74 5536 75 7179 76 6872 77 4186 78 1739 79 6914 80 6094 81 4190 82 6650 83 4854 84 7821 85 2792 86 7687 87 4989 88 1526 89 8901 90 17048 91 4370 92 3319 93 4427 94 19260 95 8996 96 8468 97 17208 98 1309 99 20739 100 19871 
3719
33 55 258 719 641
32 7 584 642 657
15 75 359 631 581
53 71 916 704 439
58 51 672 634 680
5 37 810 658 599
8 26 524 592 645
64 77 531 600 626
47 13 563 632 664
26 66 815 681 646
69 26 261 666 696
34 42 773 586 642
17 48 885 713 717
37 35 729 664 697
38 20 732 629 587
45 35 432 648 633
10 1 19 582 528
61 45 749 606 713
70 39 883 695 688
35 9 23 627 718
18 65 519 697 657
38 14 501 586 717
21 76 86 713 576
25 15 431 706 654
38 25 834 697 576
67 67 838 690 666
14 21 385 700 682
53 18 296 685 620
1 56 973 681 586
21 59 790 713 623
4 3 521 707 596
26 50 330 595 643
65 21 473 652 588
33 78 12 660 662
32 16 644 669 629
15 78 579 591 593
54 63 165 603 656
2 41 223 610 588
18 21 717 686 618
5 36 561 640 578
9 39 310 584 578
8 23 863 646 602
66 12 881 615 700
47 24 610 590 649
30 38 520 663 665
69 1 4 597 626
34 35 465 623 606
66 51 838 602 586
37 42 476 630 685
23 13 716 681 638
62 64 50 694 666
45 26 904 593 653
30 45 188 647 590
67 43 51 690 670
70 48 858 610 603
35 4 896 705 640
18 58 940 684 639
38 55 629 619 707
21 83 44 706 645
60 10 305 688 674
25 22 271 679 673
43 21 243 586 586
50 52 494 655 580
14 14 439 697 693
53 25 903 701 718
1 15 189 627 666
4 12 999 700 622
66 59 908 589 654
24 85 604 701 690
33 69 318 645 634
34 75 399 622 659
15 85 10 613 628
2 34 765 685 648
22 47 442 677 583
5 43 210 664 601
8 16 71 690 659
66 13 111 599 710
47 31 213 631 596
30 63 534 602 626
69 16 654 695 619
34 60 62 645 706
37 81 831 698 702
23 8 489 643 706
45 17 75 578 657
67 38 934 624 703
55 50 23 579 668
70 41 957 646 641
35 27 740 660 702
18 51 322 687 654
38 64 805 625 671
60 15 203 645 609
63 10 545 610 647
46 48 34 694 700
50 53 364 676 158
31 87 657 578 600
14 7 829 694 642
71 58 582 615 700
1 6 636 618 591
32 62 896 578 626
26 4 53 586 587
46 65 703 686 655
51 14 713 611 663
34 68 171 614 651
71 73 513 599 635
54 1 562 654 466
58 70 841 718 666
22 56 623 594 625
5 18 802 655 696
8 5 808 676 605
66 6 969 700 627
47 34 494 659 662
30 56 379 672 603
34 61 644 587 694
17 21 716 645 593
55 34 456 588 688
20 2 600 653 589
59 45 958 615 581
62 50 347 670 672
27 86 709 695 611
67 61 446 685 627
66 79 715 617 661
35 22 35 622 690
38 57 720 651 640
63 49 749 695 594
50 46 401 709 684
14 64 430 633 677
71 49 692 716 670
1 29 564 695 617
26 5 426 623 579
64 20 195 584 623
33 83 649 624 610
34 69 275 717 635
71 68 41 689 579
54 10 778 669 656
59 69 431 710 604
22 49 833 718 694
5 25 774 595 650
66 31 755 674 632
30 49 102 641 660
46 62 388 683 345
34 54 725 586 646
17 12 497 612 664
37 71 750 657 705
20 7 336 630 686
23 18 864 710 702
6 40 345 679 705
67 56 524 600 710
48 12 185 680 657
31 50 369 651 706
70 27 213 698 683
35 45 640 597 719
18 45 995 688 668
38 34 641 605 646
46 34 106 713 601
68 77 947 627 652
31 65 856 602 662
14 57 371 656 604
71 44 535 704 655
36 24 217 663 684
1 20 548 622 654
38 7 624 650 601
39 1 20 686 489
26 14 15 578 635
64 25 316 641 683
59 1 321 689 453
51 64 719 656 623
38 4 796 709 622
54 19 56 578 696
19 85 188 703 598
22 58 68 637 693
5 8 892 717 610
32 70 920 606 671
66 24 798 699 586
47 52 951 703 616
30 10 513 588 644
17 3 407 661 701
37 78 969 698 632
20 16 525 654 616
59 63 830 668 671
6 33 752 594 588
62 68 915 706 624
18 16 550 577 702
67 15 351 719 580
48 17 897 690 606
31 57 295 654 704
70 4 957 576 703
35 40 453 702 581
38 43 897 607 709
24 12 579 706 641
46 27 231 622 645
68 54 612 602 711
31 76 601 672 681
14 50 644 693 591
71 35 410 658 634
36 29 629 714 694
19 61 16 678 654
56 66 399 657 632
61 13 593 657 611
26 23 400 677 607
64 2 673 681 655
34 87 304 583 642
15 49 653 583 664
54 28 716 698 680
19 80 443 664 658
2 14 887 649 717
18 88 609 663 167
22 67 143 656 629
5 15 3 625 686
30 3 388 678 646
52 46 994 682 638
55 11 581 614 666
20 21 218 614 663
3 37 186 586 692
66 64 673 653 704
6 42 436 711 600
28 85 769 631 690
70 17 688 639 702
67 10 742 662 617
48 26 531 689 593
31 36 951 651 689
70 13 364 704 589
35 63 461 717 714
16 65 615 715 712
57 16 404 715 597
70 22 866 588 672
43 47 56 630 595
24 1 8 651 651
46 20 451 604 601
68 59 706 584 704
33 9 153 580 601
32 65 606 594 684
71 38 543 641 596
36 6 354 681 687
19 56 963 661 599
61 12 61 635 641
72 68 278 711 651
65 79 690 654 678
64 15 881 715 666
51 50 937 612 624
15 60 354 671 626
72 63 931 670 676
19 71 386 627 627
2 7 966 576 688
16 84 323 588 675
23 76 138 653 604
43 65 146 610 671
47 62 135 594 323
30 28 566 705 663
52 51 359 630 643
55 14 538 589 677
38 76 325 707 624
23 59 791 686 592
6 19 209 577 640
72 31 949 672 599
67 1 639 594 602
31 43 672 626 587
35 58 529 706 604
16 74 875 662 620
21 5 387 712 643
24 26 910 604 602
43 32 920 578 674
46 13 779 591 705
68 36 373 712 637
33 16 611 715 657
32 74 929 691 653
71 29 210 694 588
36 11 295 654 617
19 47 384 587 686
32 85 887 579 615
65 70 2 626 577
64 56 729 649 671
15 3 910 692 638
72 56 610 692 627
19 66 79 647 683
2 32 294 697 576
22 85 86 615 637
23 67 678 696 613
47 69 724 699 611
30 21 178 640 656
23 62 589 713 670
6 28 425 708 579
63 69 107 659 714
67 28 614 591 654
48 48 181 628 578
31 46 275 588 578
35 49 127 690 686
18 9 511 711 583
38 65 885 594 689
21 4 945 712 591
25 71 181 702 613
24 23 717 699 613
7 43 567 597 605
65 46 757 590 608
70 69 144 637 638
50 67 500 617 634
33 7 612 701 660
32 55 893 688 710
71 24 347 672 627
36 52 268 658 592
44 52 335 635 700
64 61 56 676 580
51 36 531 659 474
15 6 193 677 642
72 45 298 669 705
37 19 500 686 629
2 17 913 671 634
23 70 19 586 576
44 65 839 641 660
49 22 905 685 683
52 1 141 625 525
16 47 275 690 622
55 32 300 655 582
23 53 482 707 598
6 5 84 604 659
72 69 813 679 615
67 19 437 620 617
48 53 399 706 161
31 21 802 577 588
64 58 452 609 646
35 76 966 630 595
18 2 931 657 700
56 53 381 582 172
21 11 591 718 656
60 50 424 686 691
25 78 203 681 626
24 48 686 651 720
65 37 621 639 719
68 18 479 618 683
33 30 428 596 714
14 86 440 591 671
71 15 817 602 586
36 57 845 659 701
58 12 121 719 677
61 17 201 669 685
9 23 153 643 589
64 38 823 647 603
69 49 164 672 611
53 69 861 699 619
15 13 533 581 646
72 38 352 595 698
37 26 555 613 711
62 16 542 651 720
26 68 125 679 617
49 13 201 637 720
69 72 204 706 612
52 10 131 601 651
16 56 528 643 593
55 23 475 693 642
20 49 789 623 622
3 9 873 665 698
6 14 177 600 632
48 62 67 712 297
31 32 102 683 651
35 67 933 603 650
36 81 767 627 642
56 14 534 602 640
21 18 581 614 692
25 85 165 588 594
26 75 893 633 667
7 37 748 616 634
65 60 697 644 688
68 23 493 693 624
33 21 104 709 701
14 79 968 636 636
71 2 256 697 698
36 34 426 669 642
58 13 898 609 682
61 48 368 719 623
44 34 298 582 665
9 30 8 695 657
64 35 143 660 605
30 79 992 614 669
69 64 505 592 632
26 88 332 636 159
15 24 463 691 714
72 35 72 583 682
37 1 138 693 611
23 88 556 622 163
45 65 88 594 653
69 79 31 584 685
52 15 81 602 607
16 61 352 668 602
57 68 963 580 716
20 58 401 598 583
3 4 569 615 654
25 45 838 582 650
66 17 72 621 636
31 7 667 669 714
26 59 413 678 626
57 51 135 614 636
56 11 320 581 639
21 25 765 720 607
4 33 934 598 683
43 14 721 604 663
26 84 119 583 615
7 32 590 636 690
65 51 153 678 588
68 32 924 705 683
33 44 261 670 581
14 72 57 634 663
36 39 461 635 594
19 19 148 598 624
22 8 715 627 708
9 5 650 636 640
64 44 977 657 608
72 77 627 607 708
30 72 408 632 678
69 39 476 624 636
34 13 766 682 676
54 66 638 664 576
37 16 306 645 619
51 19 569 596 647
18 73 539 600 608
45 64 633 620 613
52 24 21 694 648
17 84 108 680 671
16 6 587 593 604
55 69 246 665 694
20 63 826 584 718
3 27 210 645 650
25 52 945 643 603
50 30 324 686 716
31 10 333 577 715
35 85 20 711 598
4 42 881 632 617
60 69 334 679 669
26 85 137 656 673
7 23 782 671 715
65 10 50 581 705
68 5 385 619 585
33 35 243 632 691
14 65 361 664 578
36 48 20 592 694
19 14 436 694 634
22 1 34 584 578
61 62 319 594 338
44 32 520 714 594
9 12 552 701 702
66 47 996 672 679
29 87 877 659 623
30 65 635 605 684
69 46 340 712 705
34 6 758 639 611
17 60 618 622 643
53 45 353 695 598
72 17 539 628 583
37 55 288 714 662
49 50 862 666 662
52 29 646 709 716
17 75 75 594 618
16 3 304 640 630
20 72 313 703 604
3 22 984 590 582
49 69 792 633 714
25 59 25 608 617
50 23 505 634 591
36 72 97 685 670
1 36 801 676 593
21 47 245 639 703
61 70 235 665 665
24 52 509 631 623
7 10 609 629 714
65 1 244 618 577
68 14 604 653 714
33 58 223 689 703
32 20 844 707 718
54 35 623 714 602
19 5 532 702 622
22 10 73 654 716
61 53 460 583 147
44 21 874 697 666
8 43 664 604 696
66 40 866 639 595
55 47 576 713 683
34 31 247 659 669
17 51 864 670 606
72 10 61 628 630
37 62 683 673 687
59 15 179 586 655
45 46 803 694 644
70 52 130 624 609
17 66 117 591 694
18 86 195 674 716
51 71 987 603 444
20 77 303 670 704
21 71 845 684 639
25 2 437 600 697
32 57 141 577 640
50 16 177 713 577
53 13 782 603 604
36 77 389 712 644
1 59 492 585 639
56 18 823 605 166
21 54 750 586 600
4 24 386 663 700
24 73 118 592 586
7 1 496 687 602
65 8 353 633 697
70 78 692 661 577
33 49 949 640 673
32 25 159 682 680
15 65 738 587 625
51 26 817 701 684
22 19 430 665 652
61 52 721 719 673
44 14 571 642 600
8 36 833 588 676
64 71 260 578 662
47 11 955 697 700
30 83 382 604 643
69 20 185 610 585
34 24 112 706 614
72 7 918 702 640
37 37 672 676 583
38 21 173 641 608
59 10 606 663 636
62 45 106 605 701
49 48 152 624 657
70 61 331 705 710
35 15 569 650 594
18 79 787 705 680
20 86 897 627 635
21 78 143 627 588
25 9 351 649 582
67 73 104 615 689
50 1 184 649 506
14 27 692 694 351
38 86 544 611 720
53 12 958 682 680
21 61 418 711 702
4 29 932 616 596
26 48 742 642 714
65 31 287 594 686
33 56 222 702 583
32 2 455 635 657
15 76 212 586 674
54 53 445 637 146
58 50 35 589 611
18 22 204 643 635
5 38 293 680 638
9 33 30 712 675
8 25 215 656 706
66 50 103 718 633
47 14 565 587 590
30 44 279 617 676
69 27 157 642 629
34 41 385 712 583
66 52 519 623 596
37 36 798 620 594
59 17 636 698 675
23 11 860 717 591
45 36 339 615 467
70 38 673 716 599
35 10 547 699 682
18 72 659 708 613
38 13 536 672 594
21 85 739 688 597
25 16 145 664 588
43 24 869 626 699
67 68 320 689 643
14 20 371 633 691
53 19 126 703 642
70 24 200 595 717
1 9 576 580 647
68 72 716 673 685
21 60 892 591 678
4 6 270 625 604
26 49 529 668 699
65 22 966 617 713
33 79 316 671 669
32 15 727 696 638
15 83 504 707 704
54 62 710 667 349
70 73 920 659 677
9 40 710 702 627
8 18 620 677 720
66 11 835 581 707
47 21 612 647 594
30 37 928 639 691
69 2 240 587 704
34 34 845 647 683
37 43 399 648 648
23 14 521 679 697
62 63 320 672 630
45 27 877 616 693
67 44 935 692 604
55 49 317 597 606
70 47 631 625 618
35 1 984 707 708
18 57 162 670 633
38 54 691 595 712
21 84 494 591 691
25 23 992 673 693
50 51 661 715 658
14 13 546 595 640
53 26 794 614 652
1 16 110 631 664
4 11 385 668 713
24 88 485 686 180
46 71 727 638 448
33 70 755 694 614
34 74 518 680 680
15 86 184 584 654
2 33 905 605 684
58 68 844 706 679
22 46 965 584 611
5 44 209 580 685
8 15 125 590 622
66 4 217 672 649
47 32 34 697 651
30 62 242 622 718
69 9 161 647 651
34 59 531 617 581
37 82 58 657 596
23 5 644 578 597
45 18 813 685 706
67 35 357 637 694
52 66 67 614 694
35 28 221 674 601
18 50 465 690 692
38 63 564 598 719
63 15 640 644 629
46 47 32 625 633
68 66 388 632 672
31 88 272 657 144
14 6 296 708 649
71 63 464 622 661
1 7 739 641 702
26 3 575 601 685
64 22 8 686 612
51 11 118 711 640
34 67 449 598 679
71 74 901 710 661
54 16 628 597 607
58 69 273 593 659
22 55 382 608 695
5 19 304 595 690
8 8 16 683 686
66 5 720 607 635
30 55 555 678 673
34 52 548 668 601
17 22 74 660 635
20 1 403 665 613
59 46 466 712 648
62 49 337 634 633
27 83 895 690 707
67 62 119 630 652
48 14 647 615 588
52 71 476 583 461
35 19 462 599 607
38 40 964 716 606
43 51 567 672 664
63 50 603 593 657
50 45 850 608 710
14 63 480 670 690
71 50 193 603 621
36 18 3 680 690
1 30 968 634 707
26 12 111 585 631
64 19 639 691 648
33 84 445 642 714
71 65 921 663 608
34 26 699 654 695
59 70 355 719 670
22 64 701 701 603
5 26 215 639 577
65 63 110 632 665
66 30 308 719 676
30 16 102 717 596
34 53 837 630 594
17 13 956 622 654
37 72 218 657 630
20 10 890 658 637
59 53 26 667 150
23 23 635 670 666
6 39 73 592 604
16 83 717 716 652
67 53 924 684 586
48 11 387 623 666
31 55 819 609 605
70 26 789 576 695
35 46 654 636 693
51 66 588 619 695
38 33 490 679 717
43 62 365 591 352
24 14 986 702 683
46 33 635 659 584
31 66 164 633 617
14 56 654 636 638
71 41 784 615 649
36 23 319 659 611
1 21 189 639 582
45 16 805 637 635
26 13 863 704 649
64 28 482 656 597
15 47 168 695 666
54 18 690 693 715
19 86 688 704 671
2 12 69 720 588
18 81 812 636 649
22 57 715 683 670
5 1 146 636 647
66 23 305 591 698
47 49 783 681 625
30 9 756 598 606
17 4 749 612 594
37 79 976 645 711
20 15 110 585 634
3 43 321 644 709
59 64 293 681 668
62 67 638 588 594
70 18 997 686 576
67 16 686 654 578
48 20 563 708 601
31 58 263 597 602
70 3 844 641 635
35 37 74 615 716
57 10 587 653 703
38 42 631 627 657
24 11 235 683 686
46 26 954 720 664
68 53 666 720 720
31 73 260 586 630
14 49 920 585 653
71 36 608 626 600
36 32 534 680 679
19 62 415 660 643
56 65 870 599 624
61 14 920 643 666
26 22 829 578 656
65 73 754 611 677
64 1 705 609 611
34 86 238 716 611
15 50 19 629 611
54 27 832 719 591
19 77 845 670 641
2 13 38 615 669
16 81 591 612 605
5 16 706 696 643
30 2 277 620 709
52 45 387 613 631
66 53 563 689 708
22 66 967 662 648
55 12 193 657 651
20 24 456 667 699
3 38 300 705 611
66 72 55 618 615
6 41 969 582 713
72 32 218 577 641
28 88 529 589 166
67 7 573 657 595
48 25 409 713 624
31 33 644 687 689
55 71 724 646 481
35 64 118 630 611
16 68 281 713 674
57 17 138 653 666
60 46 979 719 631
43 48 950 679 691
24 4 3 694 624
43 31 405 667 655
46 19 581 669 610
68 62 329 692 720
33 10 522 585 707
32 68 740 587 714
71 27 121 633 629
36 5 128 648 665
19 53 366 694 637
32 86 486 706 720
64 10 464 672 602
51 47 721 633 678
15 57 199 633 681
72 58 598 689 687
19 72 941 634 581
2 6 879 677 638
22 75 758 623 672
23 73 262 625 662
52 16 382 653 602
47 67 766 627 603
30 27 935 670 577
38 6 463 578 703
38 75 405 584 644
23 60 195 652 702
6 18 650 654 626
63 67 449 668 623
67 2 525 593 633
48 34 146 684 645
31 44 342 615 656
35 55 368 635 694
18 23 989 620 674
38 66 292 638 662
21 6 750 648 658
25 65 154 668 705
24 25 146 701 696
63 46 271 661 691
46 12 349 606 717
68 35 655 640 690
33 1 138 709 688
32 73 51 611 663
71 30 41 640 617
36 14 711 600 615
19 48 595 638 613
44 62 646 677 309
65 71 732 615 653
64 55 378 581 626
22 14 779 610 649
72 55 19 622 583
37 21 307 619 687
2 31 69 623 621
22 84 534 686 659
23 68 219 600 580
47 70 876 666 661
30 20 539 639 712
68 43 924 719 685
23 51 34 635 626
6 27 561 689 634
63 70 673 666 627
67 25 956 705 713
48 47 739 678 603
31 19 668 639 679
66 65 459 718 597
35 50 603 598 619
16 82 334 584 634
56 63 583 692 577
21 13 477 683 584
25 72 711 671 652
24 18 686 590 591
7 44 181 604 603
65 47 572 700 697
70 12 454 714 632
50 66 511 670 604
33 8 851 648 646
32 50 51 708 663
71 21 445 583 585
36 51 782 644 616
44 51 725 578 639
9 17 702 581 675
64 64 338 593 686
51 33 195 579 613
15 11 493 643 632
72 48 413 655 669
37 20 309 640 630
2 24 654 581 666
44 68 647 621 582
49 23 51 626 697
48 71 707 592 462
16 87 698 676 626
55 29 886 621 689
3 15 17 612 580
23 54 494 681 720
6 4 400 616 678
67 20 789 623 661
31 22 135 666 594
35 73 345 635 678
18 1 576 585 663
21 12 862 647 646
60 49 510 656 704
25 79 85 604 576
26 65 138 674 657
7 35 554 709 584
65 38 223 597 695
38 88 35 614 646
68 17 705 697 589
33 31 547 714 672
14 85 7 616 664
71 16 952 579 678
36 60 56 632 670
58 11 717 713 695
61 18 136 586 159
9 24 396 596 663
64 37 579 667 676
59 11 658 594 660
69 50 659 605 615
24 63 979 663 679
15 14 683 597 681
72 37 356 694 692
37 27 789 635 641
62 15 359 632 645
49 14 502 608 661
24 47 319 678 667
69 65 767 632 613
16 55 527 647 708
55 24 700 666 606
20 52 711 676 634
3 10 194 613 582
6 13 303 644 684
31 29 12 676 602
24 86 290 673 702
35 68 271 642 718
36 84 484 666 675
57 45 642 671 714
56 13 148 706 658
21 19 848 682 610
25 86 879 715 713
26 74 947 651 590
7 38 511 693 720
65 61 679 666 705
68 26 938 595 708
33 22 65 651 647
14 78 988 691 705
71 7 296 576 651
32 33 119 718 661
19 25 821 577 626
44 33 481 668 646
9 31 759 707 651
64 46 619 612 634
30 78 625 626 694
69 57 87 696 711
34 11 619 611 620
15 21 810 618 700
72 30 342 681 646
37 2 18 674 579
32 44 1 704 671
16 24 622 618 606
23 85 170 703 694
45 66 24 711 596
70 70 470 659 625
13 27 744 179 290
52 18 905 617 621
16 64 936 579 608
57 69 707 697 698
20 57 341 715 601
3 1 78 621 671
25 46 762 603 615
50 28 964 636 599
31 8 343 607 596
53 49 28 686 621
57 52 962 637 666
21 26 498 603 602
4 36 906 586 692
43 11 751 659 704
24 61 427 681 619
7 29 493 638 664
65 52 224 633 716
68 31 558 671 614
33 45 538 624 688
14 71 202 623 610
55 68 272 664 615
36 42 250 668 719
19 20 478 621 636
22 7 94 577 656
44 26 280 619 621
9 6 641 648 718
64 43 678 596 602
30 71 924 610 579
69 40 304 649 720
34 4 12 667 716
53 36 549 661 501
54 65 528 628 593
37 9 990 677 676
18 8 84 681 667
62 1 570 599 480
56 52 685 609 720
52 23 146 591 690
17 85 690 702 677
16 5 123 652 656
20 66 842 664 612
3 28 807 625 649
49 68 227 673 610
25 53 839 713 686
50 29 837 689 628
31 15 746 715 639
35 86 851 599 601
36 66 868 680 695
4 41 121 603 713
24 54 490 687 671
7 24 857 714 671
43 26 616 672 703
68 8 705 718 632
33 36 930 710 576
32 22 129 576 690
36 47 975 661 632
19 11 173 623 633
22 16 967 588 592
32 83 260 627 634
44 31 896 627 676
9 13 851 597 669
66 46 64 616 614
29 88 50 659 173
69 47 208 656 625
34 5 5 692 616
17 61 532 611 667
72 20 55 700 595
37 56 855 663 598
72 29 310 645 606
49 51 345 686 603
52 32 345 669 719
17 76 966 660 576
16 14 378 691 658
20 71 831 599 597
3 19 835 680 720
18 24 957 701 689
25 60 709 664 605
32 58 117 651 687
50 22 19 621 702
36 71 246 662 645
1 37 119 680 718
72 73 810 609 673
21 48 289 673 593
4 18 101 616 715
61 71 809 667 462
24 51 446 673 582
7 15 234 653 655
65 2 844 587 710
70 79 798 636 613
68 13 727 605 594
33 59 971 587 693
32 19 591 578 581
54 34 873 638 709
19 6 108 655 623
22 9 479 636 617
44 24 228 700 647
8 38 872 591 578
66 39 321 679 649
47 1 319 692 499
69 22 368 697 690
34 30 271 710 607
17 52 656 704 585
72 9 739 585 678
37 63 744 703 622
38 22 16 688 658
59 16 131 669 594
45 47 517 662 618
70 51 85 578 679
17 67 43 708 589
16 11 579 588 698
20 80 620 666 638
21 72 264 613 622
69 25 339 578 641
25 3 441 699 678
67 79 878 656 628
50 15 689 678 688
53 14 594 598 630
36 80 102 595 602
1 60 775 654 644
56 17 763 586 642
21 55 120 691 596
4 23 800 661 581
24 76 294 607 613
7 2 220 667 652
65 25 546 678 693
33 50 53 600 714
32 28 459 665 638
15 66 511 642 644
58 48 667 648 687
22 18 151 593 686
44 13 162 615 614
8 35 996 663 594
64 66 134 580 648
47 12 856 641 679
30 82 858 705 593
69 29 734 593 663
34 23 49 622 590
66 61 637 672 637
72 2 531 687 696
37 38 339 629 623
49 33 511 610 604
70 60 818 594 613
35 16 351 625 653
16 20 159 616 714
20 85 552 677 601
21 79 790 645 665
25 10 557 698 671
43 23 836 698 660
67 74 185 711 664
14 26 232 581 681
53 21 180 597 604
21 62 563 634 704
4 32 148 649 592
24 65 639 715 689
65 32 490 683 658
33 73 68 605 708
32 1 817 714 576
15 73 9 618 603
54 52 8 576 624
58 49 646 713 617
22 27 23 701 292
5 39 730 644 614
9 34 567 642 660
8 28 475 599 642
64 79 553 631 716
47 19 745 715 624
30 43 86 660 669
69 28 531 711 576
34 48 618 652 616
37 45 87 699 691
59 18 301 670 166
23 12 54 655 651
45 29 58 708 617
55 52 10 655 709
70 37 390 685 719
35 7 211 598 639
18 71 512 598 613
38 12 121 596 699
21 86 696 690 640
25 17 611 691 654
55 65 145 581 682
14 19 61 627 715
26 61 901 629 640
53 20 700 681 668
1 10 50 626 655
4 5 954 717 699
26 56 576 708 651
65 23 854 612 629
33 80 778 692 624
32 10 454 590 672
15 84 764 640 698
70 72 18 617 644
9 41 77 632 677
8 17 433 660 617
66 10 916 587 605
47 22 436 614 613
30 36 697 652 642
69 3 917 624 691
34 33 688 582 686
17 25 671 706 716
37 44 307 668 606
23 3 748 657 682
62 62 916 654 294
45 28 97 664 609
67 41 528 670 709
66 73 36 672 660
35 2 349 695 624
18 64 78 694 682
38 53 376 590 653
60 12 724 593 706
25 24 31 702 674
46 53 413 608 152
50 50 380 602 667
14 12 282 654 579
53 27 224 593 673
1 1 773 598 537
4 14 668 626 652
26 57 722 702 717
46 70 764 581 650
15 4 275 634 661
34 73 38 594 666
2 40 444 634 599
58 67 323 679 710
22 45 376 684 582
5 21 982 688 719
8 10 828 595 602
66 3 659 637 632
47 29 190 616 611
30 61 527 592 616
69 10 13 650 689
34 58 595 712 612
37 83 885 626 688
23 6 451 629 604
45 19 649 584 633
67 36 460 614 619
52 65 879 675 589
35 25 639 634 717
18 49 627 615 592
38 62 585 709 600
60 1 156 613 490
63 16 379 591 655
46 46 698 719 657
68 65 576 619 595
31 85 822 704 613
14 5 897 628 580
71 64 313 644 712
1 8 363 626 711
68 74 350 710 635
26 2 119 681 580
43 1 684 680 525
64 21 875 701 687
51 12 809 705 588
34 66 93 690 610
71 79 25 660 663
54 15 31 716 631
38 2 172 584 656
22 54 533 661 691
5 20 475 667 611
38 29 16 627 638
8 7 771 626 622
66 28 126 654 706
30 54 873 670 708
34 51 147 581 667
17 23 295 719 599
20 4 688 662 706
27 84 389 580 580
67 59 995 686 661
48 13 110 717 680
70 32 676 596 682
35 20 513 625 684
51 65 31 659 663
38 39 193 670 677
43 52 188 691 681
32 39 911 707 686
50 36 809 585 539
14 62 960 632 650
71 55 30 580 589
36 17 627 584 683
1 31 521 702 716
45 15 795 706 687
26 11 880 625 683
64 30 874 614 668
33 85 180 600 691
71 66 197 680 631
54 24 851 608 665
51 30 95 633 576
18 82 877 631 685
22 63 143 706 649
5 27 128 626 686
66 29 580 642 682
47 47 942 680 577
30 15 135 669 654
52 34 768 701 664
17 14 219 702 624
37 65 349 604 590
20 9 668 661 645
38 31 193 668 600
23 24 449 641 596
6 38 90 629 668
45 1 555 650 468
70 19 719 676 595
67 54 883 612 692
48 22 583 658 701
31 56 931 656 612
70 25 222 584 606
35 43 227 662 621
38 48 785 582 596
24 13 215 651 669
46 32 720 604 631
68 79 868 687 653
31 71 442 653 646
14 55 789 584 595
71 42 797 680 676
36 26 130 709 710
1 22 252 611 711
51 28 400 676 638
26 20 594 592 645
64 27 4 688 581
51 62 250 619 357
34 84 191 703 623
15 48 563 704 607
54 17 982 604 628
19 83 1000 578 691
2 11 428 628 588
22 72 76 686 623
5 2 260 608 594
66 22 407 576 685
47 50 58 707 626
30 8 190 692 630
17 5 73 661 658
37 80 636 708 666
20 18 481 611 701
3 44 657 612 585
23 47 548 661 603
62 66 642 669 720
51 17 525 638 674
28 82 291 652 686
67 13 358 654 587
48 19 471 587 707
31 63 741 708 701
70 2 726 592 659
35 38 294 582 715
16 70 814 632 627
57 11 873 608 585
38 41 928 644 623
69 7 257 649 621
24 6 628 704 668
43 18 876 687 681
46 25 336 685 650
68 56 635 694 640
31 74 154 614 593
14 48 819 590 655
71 33 382 652 616
36 31 919 598 682
19 59 800 714 708
56 68 491 707 676
61 15 757 589 682
26 21 563 651 638
65 74 519 716 576
64 4 310 644 614
51 53 151 630 177
34 85 549 692 697
15 55 308 591 602
54 26 592 688 648
19 78 743 714 616
2 4 600 695 702
64 70 380 627 634
22 65 76 701 596
5 9 423 706 600
30 1 128 715 490
68 44 418 582 663
52 48 977 585 588
20 23 311 676 673
3 35 47 578 709
6 24 842 716 629
56 50 324 577 664
28 87 445 604 639
67 8 831 715 661
48 28 723 629 684
31 34 484 598 588
70 11 791 715 652
35 61 145 696 688
16 67 649 626 671
57 18 958 707 155
38 67 49 593 614
60 45 216 675 703
43 45 955 579 609
24 3 484 636 629
46 18 277 700 640
68 61 68 646 624
33 11 157 655 645
32 67 896 674 670
71 28 317 673 663
36 8 899 606 589
19 54 482 662 712
65 65 428 685 631
64 9 945 580 634
51 48 672 632 613
15 58 416 664 670
72 57 29 720 653
19 69 407 616 691
2 5 61 620 711
22 74 353 610 631
23 74 768 644 697
70 34 919 685 650
47 68 235 596 643
30 26 178 609 630
52 53 479 579 162
38 74 127 698 617
23 57 995 629 620
6 17 791 709 681
63 68 717 681 668
67 31 1000 606 694
48 33 606 673 608
31 41 153 587 634
66 66 1000 619 680
35 56 433 650 670
16 76 268 701 608
21 7 2 639 595
25 66 162 578 694
65 41 19 590 576
46 11 179 627 698
68 38 853 663 651
33 2 446 627 617
32 76 635 666 641
71 19 710 640 611
36 13 468 630 587
19 45 956 626 624
43 70 930 694 658
65 72 480 590 590
64 50 618 606 706
15 1 108 589 659
72 50 205 699 684
37 22 364 717 582
2 30 54 684 603
22 83 1 705 659
23 65 633 594 720
49 17 212 605 635
30 19 856 671 595
52 62 37 646 319
55 27 139 608 631
23 52 12 628 696
6 26 923 590 719
67 26 21 586 611
31 20 523 582 625
35 79 356 710 684
18 15 258 644 579
72 34 38 594 705
21 14 324 629 677
25 73 592 635 598
24 17 563 647 709
7 41 617 611 599
65 48 347 640 704
50 65 825 607 689
33 25 932 625 640
32 49 943 618 673
71 22 864 704 665
36 54 245 614 661
58 1 207 683 488
9 18 882 670 682
64 63 463 667 614
51 34 523 585 603
24 64 484 619 626
15 12 346 628 715
72 47 122 708 635
37 29 477 702 709
2 23 181 598 678
44 67 230 623 644
65 53 903 691 630
49 24 945 653 694
48 66 539 715 716
55 30 528 711 644
20 46 793 669 630
3 16 973 714 712
6 3 237 708 715
67 17 262 624 607
31 27 106 687 693
35 74 488 594 633
16 86 646 688 619
21 21 821 652 664
60 52 564 700 657
25 80 832 701 709
26 72 727 669 657
7 36 515 619 608
65 39 741 684 630
68 20 77 670 715
33 32 13 663 620
14 84 499 692 652
71 13 673 590 670
36 59 259 693 720
58 10 980 594 611
9 25 169 681 659
64 40 55 632 615
69 51 872 579 672
15 19 369 649 717
72 40 642 616 662
37 28 676 623 628
51 21 299 621 637
18 75 985 643 657
23 83 214 599 677
62 14 524 591 644
49 15 440 658 598
70 58 399 653 695
69 66 929 656 600
52 12 705 584 628
16 50 223 576 631
55 21 679 606 670
20 51 288 703 698
3 7 669 644 601
6 12 805 676 696
70 28 804 712 674
48 64 616 627 690
31 30 354 589 678
35 65 353 689 623
36 83 677 605 577
57 46 955 594 632
56 16 707 588 652
21 20 976 633 671
25 87 177 579 643
26 73 504 635 652
7 27 383 582 660
55 67 758 712 702
68 25 960 588 660
33 23 40 690 697
14 77 553 680 616
71 8 92 591 614
36 36 495 609 688
19 26 780 630 719
44 36 520 702 472
9 32 406 613 691
64 45 540 658 673
30 77 4 640 633
69 58 274 653 654
34 10 586 580 713
15 22 916 628 717
53 35 510 613 618
54 71 559 618 477
37 3 536 630 715
23 86 123 649 609
45 67 598 716 653
68 75 320 700 689
69 73 110 646 580
52 17 592 704 583
16 63 509 580 583
22 76 475 584 711
57 70 945 711 720
20 60 827 710 654
3 2 75 700 634
49 67 249 680 714
25 47 54 679 599
50 27 656 711 626
31 5 862 600 583
53 50 386 714 691
57 53 552 579 147
21 27 749 663 357
4 35 274 608 687
60 66 372 631 580
43 12 23 617 650
26 82 972 621 607
7 30 373 582 717
43 25 248 657 629
68 2 390 680 624
33 46 162 716 631
14 70 659 650 628
36 41 811 640 707
19 17 972 700 702
22 6 95 682 658
32 84 386 694 628
44 25 5 692 716
9 7 950 615 701
66 44 927 609 666
30 70 975 670 706
69 33 584 614 609
34 3 532 690 609
72 22 307 614 710
37 10 399 708 686
52 26 913 698 610
17 86 974 591 700
16 8 871 623 580
20 65 449 604 634
3 25 412 643 596
25 54 333 666 630
32 63 440 678 591
28 1 717 716 445
50 20 473 624 584
31 16 135 595 595
35 83 84 652 637
36 65 244 677 646
4 44 772 625 595
60 71 998 696 464
24 53 529 633 579
7 21 153 654 579
65 12 745 671 678
68 7 691 587 650
33 37 588 695 658
32 21 357 644 691
19 12 242 717 651
22 15 57 610 601
61 64 996 637 624
44 18 705 705 672
9 14 798 622 652
66 45 732 624 644
29 81 159 665 635
69 48 820 646 687
34 28 227 716 662
17 62 732 661 713
38 8 187 671 625
72 19 122 624 685
37 49 316 679 675
38 23 756 697 617
45 49 826 702 655
49 52 752 664 644
52 31 155 683 693
17 77 216 582 687
18 83 763 686 635
20 74 284 634 582
3 20 568 625 639
25 61 621 605 577
50 21 628 624 683
36 74 812 592 720
1 38 673 594 672
4 17 845 592 655
24 78 753 717 701
7 16 697 683 716
65 3 6 632 595
68 16 486 610 578
33 60 580 666 717
32 30 618 667 581
38 81 358 672 700
54 33 373 695 692
19 3 356 576 665
22 24 952 717 635
44 23 508 626 695
8 37 56 612 579
66 38 839 581 685
30 88 66 620 148
69 23 958 592 720
34 29 906 578 672
17 53 554 587 707
72 12 517 605 627
37 64 628 719 601
59 13 582 700 619
62 18 664 593 161
45 48 670 637 586
13 1 874 588 436
70 50 58 657 683
17 68 292 651 713
16 22 744 702 626
20 79 871 699 580
21 65 202 682 625
25 4 176 635 608
63 17 673 604 678
50 14 99 611 694
53 15 611 715 645
36 79 102 678 584
1 61 897 675 578
21 56 268 706 656
4 26 90 678 695
24 75 369 699 576
7 7 99 632 638
65 26 500 584 584
33 51 980 588 683
32 27 670 579 582
15 71 334 610 687
58 47 349 667 630
22 17 121 622 717
44 16 819 617 652
8 30 278 706 662
64 65 564 647 595
30 81 91 684 657
69 30 379 635 669
34 22 821 640 690
72 1 950 697 684
37 39 719 578 682
49 34 250 603 652
32 48 422 576 682
55 51 706 576 690
70 59 111 705 720
35 13 454 715 644
16 19 661 669 592
20 88 847 597 172
21 80 691 577 617
42 71 606 48 440
25 11 296 694 684
67 71 148 598 634
51 32 896 680 704
14 25 602 577 720
24 84 105 693 717
53 22 264 684 624
21 63 3 700 679
4 31 622 717 692
26 46 570 644 708
65 17 531 613 656
33 74 610 703 635
32 4 207 674 700
15 74 914 658 710
54 51 547 697 577
22 26 400 697 599
5 40 644 599 717
9 35 160 688 716
8 27 674 610 661
64 74 517 673 701
47 20 493 653 707
30 42 831 676 716
69 5 956 683 629
34 47 988 706 718
37 46 789 622 685
67 12 114 651 656
23 9 181 698 605
45 30 626 638 624
67 47 189 672 623
66 74 22 652 694
35 8 267 617 661
18 70 991 607 656
38 11 249 634 615
21 87 490 662 613
25 18 324 646 581
67 66 319 628 694
50 64 593 688 682
14 18 529 647 705
53 29 791 659 675
1 11 421 583 605
4 8 114 625 720
26 55 973 687 698
65 24 327 648 670
33 65 931 653 638
32 9 699 665 691
15 81 735 695 666
41 1 371 648 437
9 42 664 623 589
8 20 351 584 594
66 9 392 684 700
47 27 59 591 707
30 35 119 627 590
69 4 496 685 661
34 40 619 657 658
17 26 331 688 710
37 85 714 701 581
23 4 163 658 689
45 21 723 611 605
67 42 586 676 632
70 45 726 662 586
35 31 509 632 635
18 63 233 659 584
38 52 914 658 702
60 11 605 660 611
25 25 671 691 596
46 52 801 601 639
50 49 435 617 612
31 83 199 613 625
14 11 433 584 662
53 28 173 720 603
1 2 686 715 632
4 13 797 718 662
72 66 935 679 607
26 64 330 601 690
53 63 926 643 664
46 69 722 631 660
33 72 464 586 655
34 80 258 701 715
2 39 903 667 580
58 66 304 638 654
49 31 22 659 638
5 22 91 658 662
8 9 86 680 621
66 2 238 663 591
47 30 152 695 701
30 60 749 585 656
69 11 906 621 599
34 57 678 671 643
17 17 598 592 692
37 84 329 718 600
23 27 619 707 302
45 20 323 678 680
67 33 622 610 644
24 67 755 660 598
35 26 374 576 640
18 56 520 579 713
51 68 154 586 698
38 61 482 642 591
32 40 350 581 682
63 13 135 658 623
46 45 264 592 645
68 68 658 609 715
31 86 126 675 687
14 4 480 694 634
71 61 63 582 664
1 25 838 621 700
36 33 54 716 714
26 1 254 669 686
64 24 331 718 657
66 63 227 616 639
34 65 203 626 627
54 14 80 576 715
51 29 553 595 690
16 13 197 704 666
22 53 241 661 669
5 29 95 674 665
8 2 676 592 711
66 27 46 697 653
30 53 509 588 651
34 50 447 652 637
17 24 321 659 708
20 3 910 699 689
38 32 780 695 707
27 81 19 636 655
70 20 914 625 601
67 60 99 683 677
48 16 82 629 579
70 31 130 699 582
35 17 957 623 712
38 38 832 627 587
43 49 747 595 659
50 35 324 620 645
14 61 507 608 648
71 56 314 705 717
36 20 104 628 629
1 32 824 709 650
26 10 101 621 594
64 29 803 590 720
33 86 313 683 576
71 71 869 626 608
54 23 849 704 631
59 68 655 698 603
22 62 516 641 586
5 28 343 662 657
66 55 582 589 616
66 20 588 693 592
47 48 333 672 593
30 14 756 643 663
52 33 380 672 641
17 15 198 614 662
66 58 570 661 631
37 66 778 646 599
20 12 326 631 622
56 64 203 624 667
23 21 743 610 634
6 37 156 669 591
63 51 701 600 695
67 51 558 610 584
48 21 342 626 685
31 53 495 684 650
70 8 687 661 686
35 44 621 622 656
38 47 325 708 667
60 18 632 659 164
24 16 509 656 631
43 17 558 594 652
46 31 350 661 605
11 1 869 671 524
68 50 242 683 719
31 72 545 596 627
14 54 748 681 627
71 47 23 706 718
36 25 884 679 717
1 23 722 708 626
56 70 816 658 612
26 19 80 614 624
64 6 820 708 661
34 83 620 591 672
15 45 883 654 710
54 32 927 665 586
19 84 294 718 586
2 10 814 599 643
22 71 73 626 597
5 3 358 684 701
66 21 572 624 576
30 7 765 633 700
68 41 883 657 630
17 6 245 591 657
37 73 496 716 616
20 17 355 656 638
3 41 66 604 614
59 62 219 674 360
23 48 632 596 709
62 65 824 716 687
28 81 366 625 666
67 14 608 717 640
48 30 240 602 700
31 64 916 658 616
70 1 59 639 601
35 35 813 580 673
18 27 401 647 340
57 12 823 674 657
38 68 958 667 695
43 35 672 685 590
24 5 123 631 619
46 24 624 645 608
68 55 355 582 659
31 79 915 600 669
14 47 272 580 696
71 34 362 667 621
36 2 764 598 578
19 60 169 701 706
56 67 78 580 659
61 16 353 592 719
65 75 973 645 702
64 3 578 634 655
15 56 233 607 643
54 25 676 710 692
19 75 796 682 703
2 3 885 680 698
22 80 843 647 682
5 10 234 694 676
30 32 809 666 677
52 47 577 608 627
55 10 291 631 610
20 26 219 635 667
3 36 435 718 584
18 69 6 577 618
22 4 147 670 701
6 23 139 718 602
67 5 820 677 704
48 27 872 627 626
31 39 825 712 683
66 67 87 656 710
35 62 104 612 583
18 20 932 694 632
60 48 405 613 604
43 46 667 585 650
46 17 870 642 702
68 64 731 663 593
33 12 849 623 597
32 78 353 613 664
71 25 433 650 693
36 7 869 629 717
19 51 376 627 618
43 69 55 631 675
65 66 648 583 582
64 12 257 595 591
51 45 12 713 608
68 70 832 715 630
15 63 681 643 674
72 60 652 640 714
19 70 651 592 594
2 28 367 711 657
22 73 887 702 715
23 79 744 612 601
49 32 505 640 702
47 65 362 666 620
30 25 453 606 689
55 1 195 716 505
38 73 901 617 625
23 58 810 708 693
6 32 877 709 624
63 65 237 576 617
67 32 707 590 672
48 36 297 698 539
31 42 738 615 661
35 53 743 706 616
16 75 540 712 621
64 8 374 636 659
21 8 680 718 652
16 73 715 622 662
25 67 578 619 645
24 27 278 678 299
65 42 768 686 648
46 10 361 631 585
68 37 783 679 612
33 3 286 626 624
32 75 379 696 634
71 20 854 592 589
36 16 687 702 678
19 46 454 626 672
38 72 563 599 618
44 64 411 656 682
64 49 923 658 641
65 62 82 588 711
26 83 177 617 710
15 2 382 687 585
72 49 253 671 687
37 23 772 703 678
2 29 815 696 634
65 35 76 659 649
22 82 232 581 682
23 66 50 670 682
49 18 222 717 640
30 18 83 670 576
55 28 198 589 690
38 83 526 657 594
23 49 948 639 693
6 25 606 681 658
67 23 616 694 619
31 17 928 717 625
35 80 858 668 689
18 14 932 656 648
21 15 352 577 579
60 62 665 700 357
25 74 800 692 586
24 20 505 590 614
7 42 533 662 714
65 33 916 580 635
68 46 141 637 654
33 26 407 708 593
32 52 219 646 720
71 11 811 599 707
36 53 537 592 685
55 66 450 706 699
44 53 669 714 150
9 19 923 640 625
61 11 301 609 640
69 53 239 631 677
15 9 852 660 622
72 42 405 720 637
37 30 830 576 682
2 22 532 583 677
18 76 574 686 620
40 1 748 660 507
44 70 724 599 665
48 65 386 676 662
72 75 449 679 642
55 19 549 587 621
20 45 502 649 596
3 13 597 678 658
6 2 698 616 711
32 46 895 635 654
67 18 431 718 676
48 50 676 620 636
31 28 682 661 656
35 71 654 671 680
18 7 591 635 685
43 66 210 583 648
21 22 478 664 669
60 51 697 632 598
25 81 148 590 584
26 71 52 703 583
7 33 964 593 670
65 40 225 593 710
68 19 954 624 701
33 17 196 679 626
14 83 22 617 600
71 14 408 607 579
36 62 688 641 689
44 46 750 664 692
9 26 219 654 643
64 39 436 634 674
69 52 40 684 636
15 20 190 648 610
53 34 634 666 719
72 39 379 697 607
37 5 99 645 712
23 84 376 694 639
38 70 692 580 606
45 69 532 598 663
49 16 23 605 669
69 67 599 678 706
52 11 813 606 704
16 49 239 707 659
55 22 238 584 651
20 54 15 611 651
3 8 455 579 636
49 66 590 712 590
6 11 817 633 699
72 27 167 585 658
53 64 883 642 643
48 63 144 639 685
31 3 478 678 640
35 66 708 649 616
36 86 495 623 648
57 47 416 633 660
56 15 460 610 585
25 88 856 712 168
26 80 177 663 714
7 28 559 662 680
43 28 864 719 586
68 28 573 716 663
33 24 367 599 621
14 76 509 715 576
71 5 730 581 660
36 35 667 603 639
19 23 564 628 632
58 18 764 650 162
32 81 683 705 643
44 35 224 653 591
9 1 265 619 648
64 48 792 695 686
30 76 313 642 584
69 59 488 627 675
34 9 617 646 616
15 27 211 648 354
54 70 749 637 640
37 4 85 633 579
45 68 440 632 621
69 74 120 586 606
52 20 736 605 696
16 58 35 649 640
57 71 620 716 522
20 59 35 680 663
3 31 257 709 651
25 48 337 626 610
32 64 243 591 619
72 28 565 669 663
51 23 776 599 645
45 14 237 694 607
50 26 694 596 662
31 6 925 683 607
53 51 580 712 676
1 41 375 576 656
38 77 331 705 709
4 38 498 655 718
60 65 280 670 637
45 22 736 678 644
26 81 201 641 582
7 19 90 684 667
65 54 243 713 603
70 65 187 650 688
68 1 349 601 602
33 47 582 700 695
14 69 743 690 697
36 44 320 605 612
19 18 968 630 682
72 72 463 633 599
22 5 96 610 602
44 28 477 704 654
9 8 787 638 642
66 43 549 681 618
30 69 390 715 588
69 34 278 580 577
34 2 811 632 689
72 21 796 602 720
37 11 731 652 712
38 24 718 624 638
70 44 812 641 694
49 62 334 621 317
52 25 234 711 676
17 87 762 711 706
16 7 341 616 694
20 68 941 647 610
3 26 171 619 586
25 55 785 646 585
53 70 587 630 708
50 19 494 669 604
31 13 177 658 613
35 84 101 663 680
36 68 637 638 604
4 43 401 630 629
24 56 998 664 628
7 22 962 588 707
65 13 543 576 625
69 19 155 661 591
68 10 514 719 655
33 38 230 711 674
32 24 361 705 708
19 9 430 650 652
16 79 556 593 670
44 17 192 580 589
9 15 746 651 587
66 36 647 668 676
29 82 252 691 711
69 41 637 673 609
34 27 649 664 604
17 63 916 710 654
72 14 374 644 613
37 50 501 609 611
45 50 207 598 585
49 53 585 662 161
70 56 768 581 616
17 78 462 631 626
16 16 672 656 592
20 73 403 700 592
3 17 509 602 715
25 62 519 691 663
50 12 520 681 713
53 1 638 588 509
36 73 745 631 638
1 39 593 598 700
4 20 168 683 629
61 65 179 692 622
24 77 754 644 613
7 13 553 665 657
65 4 69 653 598
68 15 693 704 606
33 61 944 576 667
32 29 605 713 663
54 48 127 649 595
19 4 107 606 580
22 23 844 680 607
44 10 672 591 647
8 40 515 580 602
66 37 911 582 678
30 87 817 603 617
69 24 650 716 658
34 20 297 651 592
17 54 445 644 678
72 11 372 624 651
37 57 644 620 612
59 14 606 646 639
66 49 703 716 649
62 17 967 650 687
65 11 111 698 667
66 60 963 643 580
55 62 331 701 297
70 49 809 657 682
17 69 173 709 670
16 21 84 621 606
20 82 211 671 647
21 66 374 631 683
25 5 155 588 664
63 18 217 704 163
67 77 845 669 618
50 13 394 580 677
59 49 126 604 720
24 81 410 680 595
53 16 132 677 670
1 62 190 578 658
21 49 650 698 603
4 25 94 669 673
24 70 418 668 646
7 8 511 664 582
65 27 271 681 628
55 70 401 582 645
33 52 739 620 649
32 6 521 691 590
15 72 629 683 644
58 46 870 664 674
44 15 361 621 640
8 29 948 584 711
64 68 631 602 694
47 10 374 660 669
30 48 269 716 692
69 31 788 701 653
34 21 759 578 691
17 45 363 607 710
72 4 99 687 679
37 40 376 694 701
18 77 514 595 608
42 53 919 49 154
49 35 605 665 621
66 75 58 629 670
35 14 119 659 709
18 68 589 644 590
20 87 349 585 685
21 73 168 660 627
25 12 218 600 692
61 63 667 610 634
67 72 461 610 637
14 24 187 639 678
53 23 107 650 702
1 53 129 594 668
21 64 38 648 642
4 2 514 688 620
26 45 213 704 694
65 18 809 594 646
33 75 244 612 591
32 3 277 581 653
15 79 300 635 707
54 50 866 693 641
2 44 500 581 624
22 25 141 636 644
5 33 9 601 718
9 36 388 639 609
8 22 486 625 693
64 73 410 655 629
47 17 7 711 664
30 41 884 590 598
69 6 438 651 678
34 46 476 606 714
37 47 539 682 691
42 62 292 53 292
23 10 169 659 581
45 31 918 633 704
67 48 411 644 700
70 35 551 702 601
35 5 284 700 706
16 27 113 626 319
38 10 719 630 656
21 88 798 603 150
25 19 223 594 621
50 63 870 671 687
14 17 629 595 609
53 30 660 658 717
1 12 590 710 682
4 7 560 680 585
26 54 807 719 584
33 66 974 705 615
32 12 94 695 584
15 82 977 627 650
58 64 591 639 621
9 43 926 649 679
8 19 776 720 657
66 16 377 661 696
47 28 403 656 614
30 34 258 715 608
69 13 839 585 706
34 39 909 708 637
17 27 160 688 333
37 86 875 718 616
23 1 651 601 612
27 80 892 605 656
67 39 890 717 631
24 68 374 615 658
35 32 270 675 693
18 62 999 587 649
51 67 873 606 699
38 51 618 660 595
60 14 343 634 693
25 26 272 706 720
32 37 653 602 592
63 11 459 670 598
46 51 261 601 678
31 84 411 712 618
14 10 56 608 598
71 59 621 638 699
1 3 772 583 604
4 16 424 594 710
45 13 645 684 654
26 63 451 692 686
46 68 545 650 581
70 6 429 700 579
51 15 968 668 639
34 79 830 649 717
2 38 890 593 692
58 65 657 709 702
18 84 624 622 720
5 23 732 708 584
38 85 967 703 694
8 12 439 623 716
66 1 686 608 653
47 35 259 714 636
30 59 961 609 714
69 12 647 670 610
34 64 547 650 605
17 18 586 709 648
55 35 760 672 581
38 17 709 678 666
62 53 683 674 173
27 87 135 597 684
70 21 623 599 580
67 34 485 666 683
52 67 355 717 576
35 23 172 675 675
18 55 66 627 623
38 60 755 638 634
63 14 558 698 659
68 67 102 668 719
14 3 518 600 682
71 62 587 601 636
1 26 106 673 706
26 8 80 641 602
64 23 748 685 660
51 10 562 684 664
34 72 572 677 674
71 77 508 669 618
54 13 241 690 586
22 52 479 605 708
5 30 182 664 630
34 12 988 676 625
8 1 21 601 692
66 26 23 635 627
30 52 45 646 653
34 49 111 589 696
17 9 513 594 669
20 6 23 705 701
23 19 821 596 672
27 82 339 602 600
67 57 780 677 589
48 15 382 700 620
31 51 193 645 707
70 30 688 653 633
35 18 669 601 608
18 48 427 719 649
51 1 755 653 464
38 37 291 670 667
32 36 105 602 684
43 50 429 578 689
43 20 662 705 702
50 34 48 579 642
14 60 792 643 583
43 68 799 650 629
36 19 411 641 604
1 17 355 658 601
26 9 342 664 650
65 45 516 612 696
64 32 160 606 680
33 87 519 716 688
71 72 34 659 688
54 22 136 698 664
59 65 932 708 632
22 61 982 672 618
5 5 100 659 714
70 64 729 588 593
66 19 654 620 667
47 45 797 583 633
30 13 461 590 605
68 42 428 692 685
52 36 987 617 521
17 16 741 644 681
37 67 334 619 692
20 11 530 632 699
59 52 601 620 609
23 22 882 645 649
6 36 815 710 605
62 71 138 630 497
67 52 984 655 688
48 24 551 708 643
31 54 329 595 720
55 53 725 650 155
70 7 578 603 694
35 41 676 678 586
38 46 860 589 672
60 17 267 683 602
24 15 774 632 628
63 64 406 628 677
46 30 89 603 646
68 49 458 659 632
31 69 838 648 578
14 53 802 707 582
71 48 749 688 595
36 28 17 648 617
1 24 988 657 634
56 69 227 593 635
26 18 554 622 661
64 5 912 579 616
34 82 782 700 620
15 46 369 705 655
54 31 14 708 666
19 81 343 685 698
2 9 258 581 626
22 70 963 643 605
5 4 612 692 720
70 36 470 658 707
30 6 841 585 621
17 7 305 673 674
37 74 903 632 630
20 20 25 670 633
3 42 984 584 584
23 45 859 698 605
28 84 147 627 702
67 11 725 705 578
48 29 451 719 686
31 61 843 607 652
66 68 830 718 696
35 36 21 668 694
18 26 547 645 611
57 13 233 681 642
56 45 363 689 701
43 36 647 583 436
24 8 312 577 693
46 23 507 696 644
70 15 712 592 681
68 58 689 698 594
31 80 203 604 683
14 46 211 680 696
71 39 757 697 580
36 1 990 604 616
19 57 717 652 720
18 25 834 616 582
26 27 892 643 635
65 76 334 715 718
64 14 151 708 591
51 51 906 685 700
15 53 384 659 576
72 70 278 599 610
72 62 705 601 592
19 76 749 652 702
2 2 978 675 608
22 79 538 611 640
5 11 802 718 591
47 63 445 714 662
30 31 270 679 707
52 50 737 696 660
55 15 623 705 681
20 25 574 653 650
3 33 650 591 708
6 22 182 640 655
67 6 283 589 616
31 40 18 622 615
70 9 676 681 702
35 59 638 618 582
18 19 616 655 661
60 47 139 649 709
66 56 359 652 603
46 16 757 659 594
68 63 741 621 688
33 13 676 712 681
32 77 380 684 639
71 26 491 676 654
36 10 960 687 645
19 52 409 706 678
65 67 630 716 711
64 11 74 658 700
51 46 166 686 584
24 62 564 601 647
15 64 641 633 641
72 59 609 599 631
19 67 933 713 707
2 27 471 629 586
22 88 914 629 169
23 80 51 639 610
32 71 104 591 620
47 66 841 612 598
30 24 274 578 587
38 84 786 704 647
23 63 146 606 659
6 31 878 625 671
63 66 915 652 672
67 29 376 694 715
48 35 118 587 597
31 47 53 603 598
35 54 152 663 616
18 12 88 716 718
21 1 136 598 643
25 68 113 700 657
24 22 88 601 583
65 43 159 625 679
68 40 712 685 654
33 4 667 698 690
32 54 461 593 613
71 17 559 691 720
36 15 280 638 634
45 12 66 651 585
44 63 298 590 669
64 52 64 670 600
15 7 766 712 604
72 52 46 621 708
37 24 138 661 710
2 20 76 692 712
18 85 482 658 667
22 81 442 714 625
23 71 759 577 688
49 19 797 719 659
30 17 474 639 583
52 64 573 655 636
16 46 894 601 610
55 25 25 643 594
38 26 207 712 630
23 50 975 602 645
6 8 7 630 659
67 24 118 698 618
31 18 518 690 620
35 77 769 601 589
18 13 918 590 580
21 16 416 585 670
25 75 497 638 694
24 19 105 692 610
65 34 619 686 643
50 71 654 663 523
33 27 984 691 680
32 51 855 682 615
71 12 526 600 676
36 56 958 615 673
66 57 866 691 610
9 20 624 593 717
64 57 423 689 714
53 68 880 579 678
15 10 213 618 706
53 33 62 702 607
72 41 466 651 655
37 31 107 656 719
2 21 303 640 657
44 69 592 687 629
49 10 358 611 649
48 68 261 641 720
69 69 147 653 628
55 20 205 650 583
20 48 203 606 641
3 14 503 662 660
49 65 254 703 589
6 1 955 588 593
63 53 911 577 147
48 49 929 583 612
31 25 288 578 619
35 72 625 676 657
18 6 722 590 645
56 49 434 688 607
21 23 313 706 712
25 82 754 618 716
26 70 321 670 700
7 34 662 669 660
43 27 419 673 585
68 22 93 603 627
33 18 345 685 601
26 67 206 621 683
71 3 444 699 718
36 61 953 622 629
58 16 131 652 712
32 82 963 602 576
44 45 724 581 687
9 27 363 682 716
64 34 602 593 682
69 61 518 711 636
15 17 676 646 662
71 53 164 595 611
37 6 544 628 677
23 81 890 666 576
62 12 541 593 678
45 70 675 675 658
49 1 752 686 536
68 47 240 676 642
69 68 215 583 718
52 14 177 607 593
16 52 43 660 602
57 65 223 598 689
20 53 482 663 691
3 5 714 694 666
6 10 812 705 625
31 4 813 660 589
53 53 26 672 169
36 85 282 668 581
57 48 249 654 655
56 10 417 641 674
43 15 194 579 616
26 79 889 643 720
7 25 770 639 628
65 64 442 671 656
70 66 762 617 581
68 27 438 684 603
33 41 850 691 690
14 75 731 603 595
71 6 980 698 582
36 38 999 620 621
19 24 863 644 589
58 17 381 704 647
9 2 327 637 625
64 47 244 586 595
30 75 886 697 595
69 60 446 681 580
34 16 559 704 586
54 69 715 641 624
37 13 24 685 615
69 75 137 682 623
52 19 458 707 648
17 81 967 665 684
16 57 704 701 628
20 62 110 579 688
3 32 927 706 584
25 49 640 693 670
50 25 400 578 695
31 11 277 705 678
66 69 306 577 706
53 52 283 682 607
1 42 114 590 714
4 37 286 669 657
60 68 593 593 591
43 10 439 628 625
24 58 951 676 648
7 20 758 638 653
65 55 693 647 629
68 4 819 706 609
33 48 539 606 633
14 68 452 616 594
36 43 962 655 632
19 15 57 684 677
18 18 593 649 635
44 27 520 704 700
9 9 145 614 694
66 42 779 604 709
30 68 4 592 623
69 35 824 652 714
34 1 119 648 661
17 57 988 659 688
72 24 689 689 639
37 12 388 577 585
38 87 914 654 597
49 63 652 696 714
52 28 102 640 659
17 88 243 623 162
16 2 944 672 588
20 67 923 694 709
3 23 351 616 684
25 56 241 598 685
50 18 257 615 670
31 14 202 607 662
35 81 825 617 601
36 67 265 688 671
1 33 832 581 585
57 62 106 594 308
62 13 695 630 580
24 55 579 583 657
7 11 452 621 618
65 14 317 641 650
68 9 536 661 587
33 39 210 636 693
32 23 243 582 584
19 10 21 680 676
22 13 205 623 720
44 20 89 624 708
9 16 282 686 707
8 42 361 618 581
66 35 425 646 603
29 83 77 614 600
69 42 481 700 603
24 59 856 681 719
17 64 632 634 629
72 13 97 666 595
37 51 276 611 617
45 51 53 660 589
70 55 980 715 680
17 79 31 670 578
16 15 904 581 669
20 76 33 710 663
3 18 450 681 720
25 63 729 624 623
32 43 998 649 592
50 11 982 697 591
24 82 177 706 612
36 76 708 675 703
1 40 694 641 708
32 34 603 675 626
4 19 139 710 702
61 66 12 680 705
24 80 291 577 579
7 14 111 708 718
65 5 683 614 716
32 61 607 602 664
51 25 204 689 581
33 62 659 678 644
32 32 756 699 605
54 47 746 596 664
19 1 137 611 636
22 22 490 665 577
61 49 157 588 695
8 39 519 604 633
61 1 255 624 501
30 86 899 591 661
69 17 540 713 669
34 19 559 592 712
17 55 799 676 716
72 6 267 598 700
37 58 246 652 665
51 18 396 658 595
18 78 405 632 701
62 48 858 632 664
49 45 481 680 577
66 76 476 626 664
17 70 758 645 711
18 74 770 613 613
20 81 227 602 606
21 67 973 633 700
72 78 572 617 601
25 6 135 628 682
67 78 987 703 662
53 67 53 697 712
21 50 197 669 685
4 28 219 668 719
24 69 337 577 627
7 5 872 653 687
65 28 958 678 586
33 53 822 640 585
32 5 505 642 619
15 69 953 614 672
58 45 345 653 604
8 32 846 626 668
64 67 430 704 590
47 15 765 603 589
30 47 899 603 711
69 32 623 711 590
34 44 12 710 684
17 46 536 637 683
53 48 833 646 691
72 3 791 612 720
37 33 45 720 650
45 33 31 612 612
67 65 832 597 668
38 69 87 592 707
49 36 369 663 505
70 57 149 632 586
35 11 208 672 701
18 67 792 617 580
38 16 301 656 604
21 74 478 689 613
25 13 428 691 591
46 64 148 688 637
67 69 871 591 701
14 23 254 601 588
53 24 866 653 683
1 54 130 634 580
21 57 36 645 597
4 1 531 680 634
26 52 640 692 604
65 19 1 717 697
33 76 699 669 675
32 14 99 685 631
15 80 157 649 671
54 49 496 650 704
2 43 341 578 694
49 29 13 683 626
5 34 915 597 632
9 37 471 605 595
8 21 214 656 661
64 76 286 708 602
47 18 789 630 681
30 40 496 686 670
72 76 372 699 695
55 46 1 702 632
34 45 811 678 676
37 48 4 689 596
23 15 517 668 710
45 32 501 693 594
67 45 571 656 586
53 62 770 612 337
26 47 674 674 586
35 6 718 638 713
18 60 360 590 626
51 70 189 592 693
38 9 320 718 718
21 81 275 668 608
25 20 251 683 611
32 38 531 678 717
63 1 318 703 481
50 62 510 627 331
14 16 413 640 658
53 31 767 700 596
1 13 250 599 696
4 10 185 678 698
26 53 196 601 717
70 75 957 702 593
33 67 265 651 598
32 11 763 710 637
15 87 386 683 664
2 36 289 592 645
58 63 455 662 630
5 41 467 603 598
9 44 812 649 619
8 14 477 674 661
66 15 217 646 632
47 25 81 707 720
30 33 719 600 719
69 14 513 658 661
34 38 157 658 706
37 87 343 622 682
38 18 402 689 637
23 2 889 586 656
45 23 149 618 590
69 54 505 611 698
52 68 399 648 605
67 40 152 621 608
69 21 97 719 717
70 43 2 650 670
35 29 921 680 635
18 61 292 614 576
38 50 559 610 716
60 13 440 677 603
25 27 239 584 359
63 12 326 712 594
46 50 505 603 677
31 81 612 695 648
14 9 827 596 656
71 60 240 653 662
1 4 734 656 595
4 15 718 593 710
26 62 29 700 623
46 67 802 675 711
51 16 900 606 614
34 78 164 699 620
71 75 723 658 613
2 37 483 706 686
16 85 425 619 679
5 24 528 633 622
51 22 473 670 651
8 11 973 698 656
66 8 370 626 605
47 36 724 673 527
30 58 225 709 704
13 88 372 148 156
34 63 740 598 649
17 19 956 624 634
55 36 183 685 637
59 47 39 690 630
23 25 620 602 713
62 52 589 643 656
27 88 913 691 161
28 80 605 641 692
67 63 359 578 648
48 1 545 620 506
52 70 865 624 623
35 24 449 657 682
18 54 686 585 632
38 59 369 601 676
43 19 482 653 610
50 48 96 696 677
14 2 369 688 704
71 51 563 650 718
1 27 876 705 300
26 7 50 710 640
65 44 46 661 711
64 18 565 634 692
33 81 742 659 718
34 71 507 627 593
71 78 974 644 658
54 12 434 704 631
59 71 513 661 485
22 51 670 617 687
5 31 191 639 619
8 4 490 611 661
66 25 576 675 580
30 51 336 651 635
34 56 246 677 588
17 10 936 657 628
37 69 979 717 699
20 5 419 699 613
23 20 249 683 615
67 58 8 627 659
48 10 329 636 686
31 52 972 598 590
70 29 183 682 641
35 47 511 693 593
18 47 686 687 579
71 18 760 625 598
38 36 740 581 714
43 63 816 699 705
46 36 836 715 512
50 33 869 691 712
31 67 780 617 671
14 59 744 666 673
71 54 231 707 666
36 22 341 658 667
1 18 465 654 147
26 16 617 598 703
64 31 413 605 583
33 88 229 677 169
71 69 574 701 622
54 21 177 595 676
19 87 562 579 638
59 66 280 638 628
22 60 575 610 683
5 6 253 680 642
66 18 234 579 704
47 46 914 643 581
30 12 528 603 705
52 35 721 685 596
17 1 687 659 608
37 68 275 697 598
20 14 334 648 708
16 25 606 713 704
6 35 375 597 610
62 70 651 628 687
67 49 224 604 714
48 23 667 587 641
31 59 606 683 591
66 77 140 664 617
35 42 567 646 596
38 45 644 691 590
49 27 116 676 586
24 10 918 642 580
46 29 705 720 677
70 16 630 662 673
68 52 389 618 630
31 70 620 697 628
14 52 41 637 716
71 45 626 577 590
36 27 591 634 678
19 63 974 670 685
16 72 531 636 662
26 17 648 654 694
43 71 80 690 437
51 24 854 579 688
34 81 638 602 658
15 51 233 694 606
54 30 634 707 640
19 82 517 590 623
2 16 637 578 647
22 69 374 683 702
5 13 233 687 645
47 53 845 614 164
30 5 258 664 676
68 73 683 632 694
17 8 983 632 699
37 75 157 711 599
20 19 899 629 622
3 39 55 628 584
23 46 910 665 594
6 44 835 642 633
28 83 971 715 689
38 1 284 584 642
48 32 491 584 600
31 62 27 577 608
49 26 77 690 625
35 33 269 587 658
16 71 457 650 663
57 14 552 687 665
56 48 740 702 596
43 33 235 597 641
24 7 735 694 584
46 22 464 638 578
68 57 861 648 717
31 77 723 718 627
14 45 724 630 614
71 40 819 637 590
36 4 860 708 648
19 58 367 634 623
61 10 11 684 682
26 26 632 621 604
65 77 688 674 711
64 13 318 689 626
51 52 732 682 706
15 54 262 625 585
72 61 850 695 658
19 73 298 648 684
2 1 506 624 597
22 78 603 580 640
5 12 124 697 662
32 72 859 658 715
47 64 688 612 577
30 30 702 659 667
52 49 669 653 675
55 16 485 671 625
38 78 959 584 650
3 34 953 577 720
6 21 99 593 692
67 3 808 610 675
31 37 4 646 710
35 60 261 718 583
16 80 520 644 649
32 35 490 669 678
63 47 89 707 606
46 15 603 623 599
68 34 404 685 585
33 14 820 633 591
32 80 687 610 579
71 31 333 695 634
36 9 816 591 580
19 49 914 720 639
59 67 413 594 609
45 11 58 607 713
65 68 570 670 590
64 54 177 710 633
15 61 59 624 656
72 54 823 617 711
19 68 634 615 602
2 26 303 616 647
16 12 395 716 662
22 87 108 615 711
23 77 609 677 641
47 71 158 656 447
30 23 594 675 630
38 27 427 645 713
23 64 74 593 598
6 30 794 620 677
63 71 612 654 433
67 30 182 610 622
48 46 336 621 709
31 48 570 687 641
35 51 13 579 706
18 11 611 598 719
56 62 118 620 358
21 2 383 667 701
25 69 127 584 587
24 21 659 714 680
32 41 864 660 647
68 39 435 662 623
33 5 555 707 627
32 53 372 685 580
70 71 684 709 604
36 50 707 613 655
44 50 571 647 660
51 27 997 704 685
64 51 767 629 615
15 8 640 672 594
72 51 599 578 716
37 17 950 588 638
2 19 978 669 613
23 72 719 660 693
34 14 572 611 603
49 20 843 590 686
48 70 464 718 629
52 63 116 671 624
16 45 390 626 697
55 26 42 610 612
23 55 556 700 622
6 7 896 641 627
72 25 589 619 579
67 21 602 622 587
31 23 460 719 599
35 78 258 600 689
18 4 565 659 706
21 9 135 719 642
60 64 651 648 638
25 76 772 581 685
24 46 594 717 581
43 30 179 715 652
46 1 333 583 449
50 70 452 580 646
33 28 160 578 665
14 88 180 718 152
71 9 14 586 622
36 55 998 584 652
32 87 820 638 676
9 21 361 701 659
64 60 469 581 667
29 80 454 592 650
69 55 440 588 673
15 15 340 621 694
72 44 301 591 660
37 32 913 656 645
49 11 781 585 654
48 67 885 710 603
68 48 244 689 685
69 70 448 578 598
16 54 47 659 640
55 17 836 665 684
20 47 385 620 615
3 11 586 705 651
6 16 642 665 656
48 52 83 648 634
31 26 590 668 672
35 69 795 684 618
18 5 278 609 623
38 79 668 659 672
21 24 55 584 615
60 53 451 661 174
25 83 751 592 646
26 69 122 599 622
7 39 12 610 629
65 58 173 662 663
70 67 869 621 662
68 21 28 636 626
33 19 992 648 646
14 81 525 691 700
71 4 950 671 661
36 64 862 716 720
58 15 776 581 655
61 46 396 639 639
44 48 9 706 712
9 28 266 642 654
64 33 318 680 657
69 62 298 669 584
15 18 58 716 693
72 33 433 625 701
37 7 58 664 712
23 82 527 633 637
62 11 628 583 625
45 71 64 718 457
72 74 88 713 692
70 46 45 690 597
69 77 233 643 581
52 13 870 613 670
16 51 77 581 714
57 66 923 625 706
20 56 615 593 698
3 6 962 622 663
6 9 158 616 672
31 1 250 615 636
66 70 576 586 651
36 88 349 601 176
57 49 134 713 606
43 16 603 647 597
26 78 857 675 709
7 26 398 626 656
65 49 246 588 691
68 30 927 677 629
33 42 141 624 716
14 74 292 668 643
36 37 594 644 689
19 21 22 660 597
16 77 871 601 694
9 3 416 683 697
64 42 127 710 633
30 74 135 582 674
69 37 416 702 621
34 15 72 628 630
15 25 930 669 687
54 68 123 638 681
37 14 671 652 590
45 62 250 605 340
69 76 984 606 706
52 22 315 603 683
17 82 727 705 599
16 60 994 591 674
20 61 784 622 579
3 29 284 705 662
25 50 975 589 615
50 32 101 658 693
31 12 463 675 666
35 87 180 653 632
1 43 7 714 639
4 40 522 693 685
60 67 979 714 585
26 87 527 653 699
7 17 820 645 611
65 56 54 616 601
68 3 20 611 699
33 33 497 710 606
14 67 408 632 666
36 46 934 616 709
19 16 641 626 706
22 3 465 579 684
44 30 429 611 692
9 10 11 697 701
66 41 525 581 695
29 85 547 689 690
30 67 822 684 707
69 36 597 687 671
24 60 999 599 580
17 58 478 586 680
72 23 20 662 580
37 53 700 617 640
45 53 1 700 151
49 64 57 592 649
55 64 887 684 603
52 27 579 581 614
17 73 432 688 717
16 1 599 709 642
20 70 328 638 615
3 24 816 625 601
25 57 729 618 710
63 45 673 587 659
50 17 464 645 605
59 51 484 665 627
24 87 451 587 706
35 82 114 588 649
36 70 410 636 657
1 34 820 642 624
57 63 154 657 600
21 45 823 636 642
24 50 456 628 650
7 12 164 689 625
65 15 489 698 698
68 12 755 641 711
33 40 680 691 631
32 18 526 698 648
19 7 631 700 700
32 42 582 638 616
22 12 614 720 699
44 19 628 621 636
8 41 152 580 692
66 34 502 608 720
29 84 477 706 675
69 43 364 663 675
34 25 192 653 720
17 49 706 636 618
72 16 848 700 667
37 52 573 678 718
33 71 936 600 637
16 17 303 636 711
45 52 787 623 697
70 54 316 618 680
17 80 449 584 599
16 10 83 717 630
20 75 142 585 669
21 69 762 719 684
25 64 172 610 636
50 10 490 622 688
53 66 974 651 600
36 75 722 602 578
1 57 488 687 620
4 22 440 718 707
61 67 555 712 585
24 79 55 682 585
7 3 261 595 616
65 6 442 685 700
33 63 956 624 682
32 31 827 584 654
15 67 54 577 683
54 46 657 585 617
19 2 267 613 710
22 21 386 717 613
61 50 951 712 719
44 12 361 682 604
8 34 823 579 635
64 69 53 688 659
30 85 349 648 594
69 18 153 586 690
34 18 880 634 579
17 56 45 707 639
53 47 889 600 616
72 5 155 583 664
37 59 264 660 654
59 12 162 620 718
62 47 117 711 638
49 46 432 650 619
70 63 222 625 581
17 71 59 692 578
16 23 781 653 706
20 84 83 611 696
21 68 994 679 606
49 71 744 609 491
25 7 46 576 589
63 63 667 671 593
67 75 370 598 619
53 10 510 661 604
21 51 845 582 697
4 27 751 655 631
24 72 470 590 679
7 6 899 637 633
65 29 214 662 704
33 54 356 619 673
32 8 545 690 666
15 70 633 616 715
58 52 186 588 718
49 28 446 617 715
44 1 799 672 512
8 31 797 663 597
64 78 725 673 587
47 16 13 713 686
30 46 6 605 645
55 45 471 642 667
34 43 324 633 622
17 47 259 641 709
37 34 712 598 667
45 34 326 705 679
68 71 388 593 713
24 66 382 583 635
35 12 417 715 587
18 66 521 603 705
66 62 319 684 704
51 69 931 612 581
38 15 879 608 611
21 75 969 589 719
25 14 505 588 586
32 59 774 651 701
38 3 340 662 581
46 63 132 707 593
67 70 236 613 634
14 22 742 578 715
38 30 995 587 711
53 17 479 585 703
1 55 795 626 719
21 58 865 689 719
4 4 294 703 614
26 51 407 675 693
65 20 45 579 616
70 76 674 717 651
33 77 909 702 701
32 13 64 669 624
15 77 154 621 597
54 64 32 689 651
2 42 900 596 629
58 53 994 653 157
5 35 876 709 697
9 38 794 587 717
8 24 808 638 619
64 75 462 597 689
47 23 677 610 701
30 39 631 609 714
69 8 817 634 694
34 36 459 652 698
37 41 799 631 662
38 19 761 586 643
42 36 427 60 471
23 16 331 643 615
45 25 933 710 622
70 23 927 665 688
67 46 911 663 680
70 33 277 578 670
35 3 244 607 648
18 59 272 662 683
38 56 539 695 684
21 82 23 607 712
25 21 742 599 652
14 15 92 660 694
53 32 152 628 713
1 14 848 587 582
4 9 699 639 595
26 60 46 619 613
29 1 559 660 448
33 68 572 678 586
34 76 280 629 668
15 88 189 710 159
2 35 480 577 645
58 62 248 645 334
22 48 920 614 664
5 42 298 622 660
8 13 199 662 666
66 14 66 719 693
47 26 88 696 720
30 64 346 612 714
69 15 397 592 667
34 37 569 711 705
37 88 871 677 179
23 7 294 638 624
45 24 838 630 627
67 37 407 615 719
70 42 192 645 615
35 30 660 686 612
18 52 102 612 679
38 49 572 607 681
60 16 734 620 662
70 40 813 577 605
43 22 273 666 602
46 49 191 698 674
31 82 963 622 616
14 8 642 614 707
71 57 644 658 703
1 5 279 676 634
32 47 856 585 601
24 83 379 710 680
46 66 94 700 584
51 13 259 711 582
34 77 575 583 604
71 76 118 660 649
58 71 690 600 446
5 17 834 652 650
8 6 361 634 624
66 7 255 662 712
47 33 18 621 681
30 57 5 600 660
34 62 828 692 581
17 20 762 646 693
55 33 13 678 621
59 48 646 683 616
23 26 977 623 647
62 51 428 696 645
27 85 618 706 711
67 64 590 659 589
52 69 411 616 674
35 21 477 688 624
18 53 929 642 586
38 58 990 688 668
43 53 396 713 169
63 52 171 583 690
50 47 737 645 661
14 1 27 674 689
71 52 278 586 716
1 28 471 697 714
26 6 383 589 599
64 17 5 657 587
33 82 644 638 658
34 70 623 659 717
71 67 132 678 694
54 11 519 585 675
22 50 737 628 586
5 32 435 687 670
8 3 546 581 706
66 32 99 629 673
30 50 202 684 624
34 55 314 663 686
17 11 919 676 590
37 70 752 617 588
20 8 132 623 680
16 26 605 717 587
23 17 155 713 648
67 55 789 624 659
31 49 454 679 652
66 78 317 639 662
35 48 935 659 665
18 46 458 591 613
57 1 260 586 535
38 35 420 579 593
43 64 739 681 652
46 35 171 612 582
68 78 166 599 586
31 68 937 618 590
14 58 737 705 594
71 43 288 608 601
36 21 63 626 658
1 19 631 629 588
16 69 556 628 704
26 15 18 581 717
64 26 841 694 582
51 63 248 629 684
71 70 325 608 643
54 20 328 672 610
19 88 591 612 154
56 46 831 586 580
22 59 139 620 677
5 7 976 607 606
43 67 592 623 646
47 51 438 656 681
30 11 172 597 643
17 2 197 686 630
72 65 816 660 583
37 77 263 664 639
20 13 375 662 691
59 50 242 646 589
6 34 767 588 633
62 69 182 622 632
67 50 856 703 611
48 18 179 600 660
31 60 90 660 654
70 5 938 703 619
35 39 807 640 681
38 44 654 709 687
24 9 105 589 590
63 62 267 646 305
46 28 930 597 625
68 51 804 596 636
31 75 377 697 659
14 51 826 672 695
71 46 372 681 577
36 30 450 594 652
19 64 633 710 602
56 71 55 667 440
26 24 85 706 674
64 7 914 598 580
34 88 138 676 147
15 52 593 602 611
54 29 912 629 614
19 79 255 584 581
2 15 353 614 629
22 68 481 582 708
5 14 801 610 611
32 69 239 682 658
72 79 346 618 606
30 4 842 682 691
37 76 428 682 619
20 22 611 698 638
3 40 572 700 629
42 1 79 577 505
45 45 126 690 600
6 43 295 600 688
28 86 339 599 587
67 9 413 633 646
48 31 316 686 579
31 35 160 624 608
70 14 53 696 646
35 34 313 662 655
16 66 467 576 696
57 15 372 680 639
56 47 313 658 629
43 34 750 609 597
24 2 977 704 588
46 21 390 595 579
68 60 905 621 590
31 78 411 710 649
32 66 782 679 679
71 37 289 579 627
36 3 435 580 660
19 55 875 604 655
45 10 816 655 664
26 25 547 619 703
65 78 326 671 609
64 16 339 718 627
51 49 758 700 717
15 59 180 716 717
72 64 150 617 700
19 74 778 584 583
2 8 564 648 648
16 9 981 707 586
22 77 503 717 673
23 75 514 703 711
30 29 122 585 599
52 52 838 699 707
55 13 305 638 702
20 27 602 715 290
38 28 442 681 596
6 20 363 647 622
67 4 355 681 675
31 38 621 673 665
35 57 705 687 711
18 17 556 703 641
66 54 410 706 641
63 48 597 584 675
46 14 924 630 698
68 33 644 659 701
33 15 642 608 706
32 79 892 632 615
71 32 695 702 720
36 12 606 677 691
19 50 146 705 651
72 67 764 576 609
65 69 633 670 675
64 53 820 713 648
15 62 824 683 687
72 53 901 673 662
19 65 109 577 623
2 25 794 606 696
22 86 806 687 682
23 78 880 668 616
27 1 6 588 527
49 30 491 593 604
30 22 717 701 618
23 61 612 667 672
6 29 10 627 636
72 26 93 698 676
67 27 805 585 592
48 45 633 672 702
31 45 826 668 702
35 52 296 595 671
16 88 555 600 161
21 3 968 688 627
25 70 774 647 612
24 24 167 677 608
43 29 953 665 628
50 68 793 602 608
33 6 779 626 661
32 56 715 668 690
71 23 125 720 717
36 49 15 625 715
32 88 368 595 145
44 49 455 649 676
64 62 96 652 577
51 35 185 621 583
15 5 97 673 655
72 46 483 662 692
37 18 597 602 606
2 18 659 673 703
23 69 499 599 680
44 66 936 620 579
49 21 290 596 700
48 69 530 679 662
68 45 547 576 719
16 48 993 596 661
55 31 902 643 694
23 56 77 715 614
6 6 621 585 604
67 22 381 602 638
31 24 173 589 680
35 75 617 605 691
18 3 488 671 711
38 80 376 712 634
21 10 63 664 657
60 63 337 623 623
25 77 374 683 576
24 45 927 624 606
65 36 373 620 702
70 68 631 592 720
50 69 25 581 580
33 29 708 702 632
14 87 453 668 615
71 10 666 585 576
36 58 523 582 641
9 22 228 603 658
64 59 218 624 625
12 1 778 712 509
69 56 452 630 707
15 16 188 628 657
72 43 787 692 670
37 25 70 629 616
44 71 144 702 448
49 12 746 614 710
69 71 369 590 712
16 53 441 670 587
55 18 789 716 670
20 50 545 684 589
3 12 162 672 702
6 15 579 664 709
68 69 204 714 616
48 51 708 655 676
31 31 302 682 646
66 71 493 634 635
35 70 467 577 577
36 82 200 599 656
56 51 893 681 716
21 17 561 683 642
38 5 644 591 708
25 84 304 692 585
26 76 216 619 611
7 40 112 693 612
65 59 829 665 654
70 10 649 603 607
68 24 813 653 664
33 20 536 628 676
14 80 644 649 700
71 1 970 704 683
36 63 367 625 660
19 27 379 654 334
58 14 15 707 702
16 78 127 576 580
61 47 82 616 625
44 47 244 716 655
9 29 205 626 651
64 36 987 659 643
30 80 472 709 692
69 63 368 629 609
15 23 516 686 622
72 36 147 660 694
37 8 266 678 693
51 31 799 709 592
23 87 459 663 576
62 10 67 637 606
69 78 206 706 692
38 71 452 703 710
16 62 886 677 713
57 67 725 664 613
20 55 189 635 612
3 3 542 620 668
38 82 917 577 691
49 25 944 605 633
31 2 573 719 703
70 74 636 704 600
36 87 47 615 621
57 50 79 682 613
56 12 900 581 684
4 34 143 632 694
43 13 620 621 636
26 77 495 708 629
7 31 684 708 641
65 50 807 648 596
68 29 357 655 611
33 43 525 594 615
14 73 863 635 659
36 40 364 592 604
19 22 741 601 598
9 4 309 601 674
64 41 808 644 707
30 73 853 614 614
69 38 43 705 683
24 57 851 706 659
15 26 320 712 713
54 67 78 657 679
37 15 480 582 677
45 63 336 680 627
55 63 68 713 602
52 21 353 713 670
17 83 112 668 608
16 59 810 644 589
20 64 390 612 674
3 30 387 640 654
25 51 980 665 629
50 31 707 629 600
31 9 680 704 603
26 58 561 701 683
35 88 565 641 156
1 44 771 624 645
56 1 391 624 526
4 39 758 599 656
60 70 635 661 672
26 86 642 599 624
7 18 96 705 687
65 9 721 690 704
68 6 904 698 698
33 34 372 648 678
14 66 785 633 639
36 45 525 592 601
19 13 538 577 717
32 45 149 673 602
22 2 892 681 669
44 29 557 718 609
9 11 264 620 637
32 60 719 579 668
66 48 874 663 578
29 86 719 600 665
30 66 446 666 606
69 45 140 718 595
34 7 370 611 594
17 59 419 611 693
72 18 325 613 607
37 54 682 663 674
51 20 921 681 702
16 18 288 688 641
49 49 792 588 703
52 30 985 698 630
17 74 933 633 673
16 4 171 670 710
20 69 527 718 616
3 21 399 581 701
25 58 192 714 577
50 24 539 678 718
53 65 261 634 656
36 69 314 638 602
1 35 485 688 643
57 64 271 677 714
21 46 399 627 704
61 69 766 588 614
24 49 624 661 710
7 9 723 601 714
65 16 673 587 694
68 11 17 657 688
33 57 789 614 663
32 17 632 635 667
54 36 510 623 511
19 8 162 602 689
22 11 280 639 628
44 22 630 619 619
8 44 479 624 595
66 33 432 701 623
69 44 339 715 706
34 32 495 709 708
17 50 383 673 662
53 46 258 614 596
72 15 679 636 629
37 61 701 651 683
34 8 734 659 715
70 53 392 676 716
17 65 663 637 626
18 87 855 606 662
20 78 707 712 605
21 70 604 587 657
49 70 42 680 674
25 1 426 719 684
36 78 732 711 576
1 58 102 605 688
21 53 723 644 648
4 21 565 655 720
68 76 463 650 651
61 68 736 661 715
24 74 191 659 702
7 4 904 674 616
65 7 606 603 672
33 64 343 600 670
32 26 381 577 595
15 68 643 657 616
54 45 177 682 602
22 20 141 677 583
61 51 752 641 583
44 11 9 684 650
65 57 843 693 713
8 33 676 659 715
64 72 892 612 701
30 84 175 614 586
55 48 279 600 688
34 17 503 606 604
18 10 325 601 715
72 8 909 632 698
37 60 94 676 596
62 46 878 657 647
49 47 322 620 686
72 71 245 709 590
70 62 563 652 692
17 72 325 608 593
18 80 565 647 608
20 83 311 652 583
21 77 978 606 588
25 8 734 617 582
14 82 831 685 666
67 76 388 690 718
53 11 749 717 632
21 52 521 702 652
4 30 655 666 632
24 71 320 709 682
65 30 854 676 597
70 77 814 634 621
46
6 6
-694 6
-694 216
6 216
6 426
-694 426
-694 1476
6 1476
6 1266
-594 1266
-594 636
6 636
6 1056
206 1056
206 6
306 6
306 636
606 636
606 6
706 6
706 1896
606 1896
606 1056
306 1056
306 2106
906 2106
906 6
1506 6
1506 216
1006 216
1006 846
1306 846
1306 426
1506 426
1506 1056
1006 1056
1006 1266
1506 1266
1506 1476
1006 1476
1006 1686
1506 1686
1506 1896
1706 1896
1706 -204
6 -204
