50
1 20781 2 538 3 618 4 765 5 8225 6 10601 7 10058 8 15406 9 12566 10 15406 11 14766 12 14248 13 13578 14 14702 15 13881 16 12918 17 3444 18 3883 19 3528 20 3417 21 3418 22 9740 23 11043 24 10692 25 10210 26 10352 27 17146 28 16490 29 14106 30 16302 31 13813 32 14790 33 17943 34 19970 35 20702 36 18650 37 16601 38 17290 39 20559 40 15234 41 17574 42 6827 43 11384 44 1646 45 8166 46 4274 47 14839 48 5086 49 10027 50 18624 
1 16857 2 15946 3 17320 4 16629 5 14180 6 17304 7 16402 8 13519 9 7862 10 7461 11 7910 12 10079 13 9198 14 9456 15 13447 16 15419 17 15633 18 13980 19 14512 20 15902 21 15436 22 15433 23 13731 24 15842 25 13924 26 14280 27 14254 28 13140 29 12944 30 7241 31 5643 32 6365 33 5782 34 5934 35 7076 36 6119 37 7381 38 6448 39 4103 40 645 41 640 42 573 43 7152 44 3869 45 19137 46 18082 47 5954 48 4477 49 16510 50 4180 
994
8 4 503 638 565
32 7 363 603 632
7 29 323 584 569
22 29 685 490 559
20 5 407 616 570
8 26 301 636 608
23 20 206 628 531
21 8 676 594 508
24 27 182 535 622
22 7 804 588 616
37 35 49 645 630
9 6 786 542 639
33 3 962 542 564
38 36 376 600 538
36 16 599 551 555
10 1 370 569 565
34 4 277 565 647
37 9 861 533 574
11 8 893 541 637
35 9 934 538 570
38 14 977 559 654
12 23 276 608 651
36 22 389 635 619
1 18 690 535 595
25 15 394 586 547
15 2 906 589 605
39 3 636 654 610
13 18 506 578 647
37 23 928 603 583
26 16 858 555 613
16 5 830 558 646
14 21 811 564 598
38 24 418 563 647
30 18 911 652 593
28 2 24 595 619
31 15 916 532 495
32 16 846 658 609
6 25 672 583 581
17 1 832 650 556
7 24 830 534 583
31 17 637 655 590
29 33 191 657 648
8 23 727 578 658
32 22 311 535 540
30 38 661 552 605
34 35 917 617 593
24 20 345 630 606
22 16 299 558 534
9 13 560 643 613
33 26 690 658 547
10 10 837 649 631
34 5 164 539 572
39 36 52 530 571
11 15 779 559 660
35 4 967 581 653
9 19 342 558 567
12 16 488 575 653
36 27 44 656 606
10 20 49 619 639
25 22 27 547 660
15 9 465 624 656
39 6 899 640 554
13 9 746 632 646
37 30 891 580 551
26 17 481 551 592
16 14 226 644 641
14 14 999 538 541
38 17 582 660 572
27 24 715 631 571
1 15 639 641 570
39 32 62 555 542
28 7 458 618 575
5 13 746 578 554
29 2 813 636 551
1 37 728 564 600
30 5 563 614 656
17 8 505 548 442
7 15 12 544 619
31 28 365 623 644
18 7 788 559 577
8 16 84 565 580
32 19 67 535 607
19 6 524 654 587
35 33 450 540 529
33 17 192 653 553
23 8 91 603 491
34 30 586 541 562
24 7 19 638 610
11 10 4 539 588
35 27 233 596 587
9 26 733 621 614
12 5 170 650 558
36 4 85 561 550
10 21 144 638 610
25 29 905 552 526
15 20 488 558 616
13 8 576 545 617
37 5 348 564 543
11 20 218 615 642
26 26 472 587 616
16 11 824 647 612
14 7 374 548 635
38 26 730 629 657
12 27 136 611 548
27 31 769 579 589
1 6 416 631 590
25 3 8 647 570
39 23 11 613 602
28 32 909 547 583
2 1 484 538 508
26 4 973 605 661
5 12 569 597 640
29 25 927 609 632
6 11 114 627 189
30 30 793 578 552
31 3 632 565 600
5 18 312 617 644
27 35 576 654 545
8 5 14 612 659
32 28 970 616 649
6 21 216 635 532
7 28 984 628 638
22 18 563 634 645
20 2 7 639 658
33 24 362 584 651
32 34 775 579 632
36 35 210 628 562
34 23 718 635 610
37 38 131 599 625
35 22 727 619 539
9 1 783 552 642
33 14 725 625 602
36 9 195 611 579
34 9 927 603 628
15 27 457 593 574
37 4 64 567 534
11 27 95 599 539
35 16 176 569 639
16 20 75 657 622
38 3 62 633 559
12 20 797 655 636
27 26 532 578 576
1 29 65 651 620
39 10 250 568 619
13 21 67 623 573
28 21 189 566 564
26 5 197 580 556
14 26 879 641 565
29 24 400 584 601
27 4 436 639 644
30 23 876 648 542
31 6 356 630 622
5 25 361 541 547
1 41 35 569 640
32 1 720 544 628
28 33 952 582 543
7 19 66 601 620
22 27 989 648 649
20 7 694 594 611
8 28 506 579 645
23 18 758 627 639
21 2 589 595 633
24 21 460 562 645
22 5 537 555 533
9 8 793 651 651
33 5 270 575 532
38 34 489 566 573
10 7 161 532 638
34 2 634 636 637
37 11 768 604 550
11 6 914 566 644
35 7 491 599 532
16 25 951 640 627
38 12 104 623 644
12 9 699 650 555
36 24 545 546 580
1 20 986 645 631
25 17 222 603 643
15 8 441 562 552
39 1 444 648 556
13 20 631 563 627
37 17 692 651 553
16 7 651 555 601
14 19 238 562 565
38 22 272 594 561
1 10 508 557 647
33 38 234 576 600
39 27 367 537 633
28 4 219 556 589
29 5 563 620 623
31 38 517 555 577
17 3 798 595 610
7 22 656 616 579
31 23 533 639 640
29 35 639 630 587
18 4 294 615 547
8 17 172 577 549
32 24 733 530 612
30 36 906 625 625
34 33 560 578 556
9 15 796 568 634
33 28 278 659 529
23 3 617 546 622
10 16 586 532 613
34 27 416 591 547
39 34 830 576 580
11 13 568 569 619
35 2 782 638 534
9 21 513 572 534
12 2 309 543 608
36 29 800 536 573
10 18 738 589 566
25 24 534 650 647
15 15 530 573 530
13 11 744 575 602
37 32 130 581 584
11 23 875 553 544
26 23 410 564 623
16 16 150 599 655
14 12 525 543 541
38 31 331 643 548
27 22 623 614 601
1 1 529 599 645
39 30 361 585 543
28 25 785 539 601
5 15 445 600 641
29 4 929 562 596
1 39 452 585 616
6 16 35 607 580
30 3 502 635 630
7 13 365 534 623
31 26 286 589 608
5 21 689 570 605
18 5 93 543 530
8 10 839 571 619
32 29 98 541 619
19 4 174 644 605
22 23 490 580 580
33 19 944 660 579
23 6 578 601 642
34 20 628 618 551
24 1 181 549 615
35 25 19 624 599
9 28 589 572 634
33 9 960 577 658
12 7 439 597 529
36 6 219 570 641
10 27 337 564 555
15 18 601 534 581
13 2 856 537 656
37 7 620 532 645
11 18 826 657 587
16 21 580 623 586
14 5 654 533 632
38 8 173 589 633
12 29 248 653 607
27 29 341 539 586
1 8 456 591 537
25 5 778 633 621
39 21 815 603 548
28 18 691 619 534
26 2 790 584 637
29 27 955 572 563
27 7 55 597 602
33 36 730 620 612
30 28 351 611 569
31 1 207 639 564
5 20 85 535 623
27 33 789 651 537
8 7 107 545 577
32 6 669 611 631
6 19 298 566 603
7 26 241 580 555
20 4 501 613 627
8 29 335 550 517
23 29 576 580 572
21 5 712 550 576
36 37 992 655 552
34 21 232 551 624
24 26 883 537 650
35 20 504 631 630
9 3 411 530 609
33 16 920 557 548
38 39 652 532 335
36 11 126 567 643
10 4 402 598 624
34 15 818 565 552
15 25 274 607 541
37 14 617 653 619
11 25 645 626 559
35 14 443 562 601
38 1 827 649 647
12 22 398 560 581
36 17 553 585 628
1 31 986 535 657
15 3 650 563 593
39 16 111 640 626
13 23 532 548 600
28 23 279 586 584
14 24 167 529 623
29 18 388 652 570
27 2 905 608 550
30 21 608 587 566
5 27 905 553 628
29 16 462 557 602
32 3 219 549 598
6 28 660 622 631
30 15 808 599 462
28 35 982 649 626
7 17 829 660 595
22 25 667 596 601
29 38 729 578 589
8 22 202 630 539
23 24 755 653 553
21 4 266 574 591
24 23 121 551 540
22 3 693 542 630
9 10 319 635 595
33 7 357 638 542
10 5 938 615 661
34 8 338 575 542
11 4 856 573 558
35 5 105 631 580
16 27 904 553 562
38 10 233 585 566
12 11 646 652 641
36 26 848 564 531
1 22 471 582 530
25 19 355 630 618
15 6 681 540 590
39 7 23 631 659
13 14 880 560 547
37 19 858 565 620
26 20 910 535 568
16 1 806 639 626
14 17 762 626 573
38 20 283 633 586
1 12 450 575 560
39 25 298 602 579
28 6 677 592 568
29 7 205 579 578
1 34 243 601 620
33 34 143 650 532
30 8 392 620 513
17 5 783 615 543
7 12 513 542 575
31 21 888 566 653
18 2 787 570 538
8 19 445 583 538
32 18 995 603 563
30 34 313 583 652
19 7 11 558 630
34 39 807 555 323
35 38 333 639 593
33 30 876 559 588
23 1 388 620 618
10 14 523 545 595
34 25 994 567 548
24 6 557 593 650
11 11 909 565 611
35 32 642 566 582
9 23 460 620 602
12 4 546 631 643
36 31 79 554 578
10 24 801 532 649
25 26 246 601 555
15 13 688 583 575
13 5 757 529 584
37 26 236 578 581
11 21 531 535 624
26 21 243 552 530
16 10 95 642 530
14 10 830 532 597
38 29 133 539 650
12 26 630 642 632
27 20 651 554 633
1 3 269 634 546
39 20 637 635 659
28 27 218 529 630
29 30 57 533 636
6 14 269 532 571
30 1 456 541 620
31 32 465 578 538
5 23 343 625 652
8 12 632 655 531
32 31 410 607 530
6 24 519 647 583
19 2 14 648 566
22 21 571 556 567
33 21 883 641 614
23 28 103 591 560
36 34 849 553 554
34 18 770 601 636
24 3 536 563 536
35 23 395 642 656
33 11 988 659 557
36 8 959 643 614
10 25 904 545 614
34 12 605 595 595
15 24 337 559 598
13 4 847 658 541
37 1 69 545 552
16 23 673 540 547
14 3 473 606 630
38 6 434 578 533
27 27 147 649 635
1 26 260 634 540
25 7 865 639 550
39 11 934 554 615
13 26 923 641 640
28 20 97 639 574
26 8 226 635 449
14 29 178 541 556
29 21 646 569 646
27 5 621 538 534
30 26 55 588 574
31 7 432 537 582
8 1 317 628 482
32 8 523 632 514
6 17 949 576 551
20 6 800 564 589
31 36 229 648 656
23 19 358 531 541
21 7 197 615 532
36 39 533 534 325
24 28 140 547 537
22 8 430 590 479
37 34 830 585 553
35 18 453 583 619
9 5 560 564 644
33 2 226 563 603
38 37 929 532 560
36 13 707 587 581
10 2 276 535 632
34 13 326 568 585
37 16 517 645 584
11 7 396 598 661
35 12 287 547 632
38 15 999 532 532
12 24 98 639 584
36 19 698 548 542
1 17 676 568 574
15 1 893 631 611
39 14 154 597 605
13 17 792 636 624
37 22 507 547 576
16 6 257 656 562
14 22 205 572 590
29 20 145 603 555
27 16 758 615 648
30 19 852 584 559
28 15 637 644 571
6 26 818 638 529
28 37 70 587 608
7 23 31 598 659
31 20 792 622 650
8 24 580 569 622
23 22 208 549 607
30 39 626 556 308
34 36 749 634 606
24 17 95 601 533
22 1 181 607 654
9 12 138 549 537
33 25 797 613 592
23 16 154 534 654
10 11 302 630 570
34 6 69 644 539
24 15 559 602 558
39 35 963 622 550
11 2 946 538 650
35 3 271 653 592
9 18 578 536 537
12 13 43 560 615
36 28 968 638 656
1 24 845 609 647
25 21 25 600 543
15 12 304 550 659
39 5 372 552 653
13 16 676 599 583
37 29 855 622 589
26 18 458 611 555
16 3 565 592 544
14 15 734 618 590
38 18 606 635 585
27 23 901 641 611
1 14 461 657 593
39 31 39 644 539
28 8 183 633 472
29 1 624 568 529
1 36 319 585 593
30 6 108 552 646
17 7 358 600 607
31 27 391 610 637
18 8 873 587 531
8 13 295 577 626
32 20 74 557 539
19 5 923 596 571
34 37 984 557 582
35 36 660 591 646
33 32 738 629 647
23 7 338 557 642
34 31 73 592 533
24 8 771 612 473
39 38 302 555 576
11 9 868 583 586
35 30 234 534 550
9 25 434 603 542
12 6 946 570 543
36 1 961 607 535
10 22 561 617 616
25 28 947 557 599
15 19 375 590 591
13 7 522 600 583
37 28 490 532 532
11 19 75 649 613
26 27 525 656 592
16 12 496 592 595
14 8 38 591 589
38 27 383 547 538
12 28 12 636 572
27 18 136 639 535
1 5 155 610 588
25 2 344 559 531
39 18 694 659 529
13 29 586 648 542
28 29 967 614 555
5 11 213 631 225
29 32 59 533 619
32 38 767 533 589
6 12 408 637 634
30 31 207 617 559
7 1 276 640 466
31 30 842 641 631
5 17 287 580 530
27 38 536 559 568
8 6 329 559 655
32 25 246 568 549
6 22 753 595 581
7 27 634 635 613
22 19 19 622 572
33 23 553 601 623
23 26 526 586 644
36 36 247 543 533
34 24 219 530 632
24 29 78 632 580
37 37 719 559 541
32 37 275 531 537
35 21 877 650 591
33 13 658 628 536
36 10 331 615 553
34 10 349 628 583
15 22 348 578 606
37 3 62 610 550
35 15 751 531 550
16 17 703 546 618
14 1 419 651 590
38 4 581 631 561
12 17 226 586 655
27 25 931 629 560
1 28 379 594 587
39 9 141 574 535
13 28 546 543 631
28 22 925 621 591
26 6 92 645 651
14 27 92 561 594
29 23 393 655 645
27 3 455 559 568
30 24 535 658 538
4 29 197 172 516
31 5 569 582 661
8 3 807 561 588
32 2 924 657 651
32 36 979 547 564
28 34 906 582 574
22 28 741 553 577
20 8 925 568 508
8 25 226 639 624
23 17 241 655 657
21 1 443 559 573
24 22 389 629 579
22 6 903 615 579
37 36 161 661 566
9 7 853 648 595
33 4 74 628 609
38 35 56 613 538
36 15 264 636 589
10 8 858 580 609
34 3 486 614 553
15 29 691 644 624
37 10 755 638 582
11 5 559 611 627
35 10 180 597 590
16 26 578 659 548
38 13 213 595 651
12 10 826 636 589
36 21 471 539 559
1 19 967 617 627
25 16 752 561 657
15 7 378 653 627
39 4 681 545 621
13 19 639 604 635
37 24 182 635 567
26 15 953 617 472
16 8 215 538 531
14 20 675 547 554
38 23 691 568 636
1 9 273 582 611
30 17 134 550 602
28 1 907 634 572
31 16 683 629 586
32 15 539 538 469
28 39 94 652 297
17 2 181 640 636
7 21 395 620 603
31 18 398 557 539
29 34 665 538 583
8 18 310 596 627
32 21 276 634 532
30 37 633 658 583
34 34 508 626 583
24 19 101 570 577
22 15 97 506 500
35 39 733 536 317
9 14 956 602 534
33 27 568 533 539
10 9 588 631 578
34 28 401 616 558
39 33 509 553 594
11 16 345 563 593
35 1 553 627 543
9 20 755 629 600
31 39 849 537 301
12 15 361 559 559
36 30 748 624 612
10 19 866 605 632
25 23 185 616 587
15 10 636 563 608
13 10 899 544 633
37 31 395 543 621
26 24 163 624 631
16 13 641 630 549
14 13 918 585 570
38 32 109 623 584
27 21 958 582 653
1 16 53 543 540
33 39 5 537 333
39 29 214 631 597
4 11 177 170 226
28 26 483 548 614
5 14 89 571 562
29 3 742 551 582
1 38 985 618 533
6 1 737 568 428
30 4 794 607 641
7 16 117 660 567
31 25 421 624 621
18 6 545 641 655
8 15 57 529 559
32 30 19 597 549
19 3 468 564 641
22 24 269 643 537
35 34 996 639 577
33 18 16 600 595
23 5 640 640 589
34 29 105 655 630
24 2 694 660 534
31 34 596 623 540
35 28 282 547 568
9 27 140 623 635
12 8 245 599 552
36 3 840 614 580
10 28 984 555 593
15 17 33 545 656
13 1 843 625 587
37 6 520 605 641
11 17 848 589 610
26 25 155 563 593
16 22 425 547 647
14 6 173 577 567
38 25 932 655 638
27 32 690 601 659
1 7 59 584 642
25 4 588 624 633
39 24 247 535 571
28 31 350 636 634
26 3 520 590 539
29 26 828 587 601
30 29 392 543 637
31 4 530 567 550
5 19 647 561 568
27 36 105 554 586
8 8 402 654 646
32 27 20 585 601
6 20 25 642 585
7 25 603 634 582
22 17 473 575 590
20 1 539 608 622
32 33 867 612 532
36 38 823 591 539
34 22 191 529 643
37 39 956 565 282
35 19 597 620 570
9 2 22 575 599
33 15 743 594 643
36 12 780 609 624
10 29 442 657 553
34 16 80 586 641
15 28 296 537 590
37 13 977 620 616
11 28 578 605 660
35 13 132 547 634
16 19 264 533 585
38 2 199 587 625
12 19 111 582 584
36 18 513 638 562
1 30 110 580 626
39 15 184 606 571
13 22 265 546 576
28 24 738 621 576
14 25 745 548 602
29 17 256 592 539
27 1 517 593 554
33 37 684 568 639
30 22 817 553 626
5 26 867 569 577
29 15 674 608 520
31 37 4 623 570
1 42 795 608 573
32 4 203 615 659
6 29 386 588 544
30 16 941 530 642
28 36 917 533 529
7 20 90 639 608
22 26 162 548 583
29 37 46 637 597
8 27 814 647 535
23 23 171 584 640
21 3 833 566 541
24 24 140 543 637
22 4 990 569 600
9 9 729 660 565
33 6 32 580 618
38 33 279 538 625
10 6 170 544 564
34 1 921 566 654
37 12 896 607 606
11 3 576 628 563
35 8 461 636 580
16 28 169 596 560
38 11 108 596 597
12 12 513 634 579
36 23 846 639 651
1 21 854 577 607
25 18 243 652 576
15 5 821 639 562
39 2 498 558 557
13 13 596 553 580
37 18 998 547 626
16 2 773 532 615
14 18 88 596 534
38 21 730 535 586
1 11 803 532 641
39 28 215 594 531
28 3 80 624 599
32 39 955 554 311
5 1 38 569 419
29 6 732 618 610
1 33 333 629 593
17 4 28 647 557
7 11 750 538 215
31 24 839 638 617
29 36 352 633 627
18 3 486 556 656
8 20 61 626 633
32 23 685 564 546
30 35 53 634 539
35 37 763 588 658
9 16 192 603 630
33 29 459 598 646
23 4 436 609 643
10 15 264 575 557
34 26 641 574 627
39 39 628 610 550
11 14 501 629 619
35 31 592 608 537
9 22 769 602 571
12 1 701 659 646
36 32 940 538 556
10 17 545 582 636
25 25 84 604 581
15 16 858 630 649
13 12 615 602 529
37 25 644 616 641
11 24 521 575 535
26 22 894 537 659
16 15 424 542 623
14 11 279 644 539
38 30 742 543 598
27 19 241 660 581
1 2 829 616 637
39 19 311 633 625
28 28 839 613 630
5 16 663 544 541
29 29 530 595 642
1 40 802 652 645
33 35 762 653 661
6 15 33 575 660
30 2 108 585 538
7 14 629 608 618
31 31 531 602 529
5 22 143 600 638
27 39 846 459 280
8 9 588 533 579
32 32 827 635 555
19 1 863 594 627
22 22 241 557 592
33 20 898 589 602
23 27 230 548 646
34 19 961 601 546
24 4 983 588 560
35 26 367 554 549
9 29 171 566 591
33 10 790 632 531
36 5 540 563 634
10 26 94 640 583
15 23 748 559 609
13 3 85 568 593
37 8 271 571 540
16 24 430 563 561
14 4 183 643 618
38 7 612 549 599
27 30 625 644 568
1 25 562 624 552
25 6 648 633 562
39 22 427 530 589
13 25 911 605 624
28 17 744 632 625
26 1 732 615 559
29 28 87 661 656
27 8 792 590 485
30 27 648 626 612
31 2 254 532 578
5 29 116 625 508
27 34 43 638 639
8 2 782 547 533
32 5 607 544 658
6 18 309 648 617
20 3 934 599 612
32 35 156 588 589
21 6 309 564 593
24 25 636 603 645
37 33 953 635 643
35 17 380 556 635
9 4 749 598 587
33 1 78 553 593
38 38 573 582 653
36 14 450 570 649
10 3 215 640 574
34 14 143 646 642
15 26 576 581 653
37 15 52 529 648
11 26 20 615 612
35 11 829 602 617
16 29 257 566 648
38 16 734 607 552
12 21 512 550 539
36 20 918 582 559
1 32 730 572 612
15 4 74 607 658
39 13 847 602 578
13 24 615 590 581
37 21 820 646 618
14 23 201 558 612
29 19 452 613 619
27 15 87 604 574
30 20 906 646 629
4 1 651 589 439
28 16 233 562 601
5 28 971 593 569
33 33 739 549 649
6 27 686 553 625
28 38 512 592 643
7 18 459 586 595
31 19 711 605 555
29 39 169 597 322
31 33 455 608 532
8 21 267 644 590
23 21 960 573 596
24 18 147 532 536
22 2 901 552 568
9 11 444 591 545
33 8 225 584 554
23 15 744 624 512
10 12 63 597 607
34 7 691 572 606
24 16 458 627 603
11 1 113 560 609
35 6 487 632 602
9 17 586 574 581
38 9 834 637 541
12 14 149 639 657
36 25 269 599 545
1 23 675 641 592
25 20 268 598 623
15 11 735 642 655
39 8 32 634 574
13 15 616 622 609
37 20 856 537 594
26 19 329 581 657
16 4 969 569 532
14 16 352 620 561
38 19 339 606 634
1 13 770 601 630
39 26 167 617 572
28 5 910 637 588
29 8 431 538 518
1 35 194 576 567
30 7 901 606 562
17 6 750 569 602
31 22 643 533 644
18 1 929 531 639
8 14 638 627 657
32 17 860 580 563
30 33 410 608 607
19 8 804 644 496
34 38 6 529 585
35 35 745 618 603
33 31 465 621 642
23 2 98 546 590
10 13 578 591 626
34 32 199 561 534
24 5 610 627 640
39 37 468 533 572
11 12 883 579 632
35 29 161 652 534
9 24 713 597 651
12 3 835 586 622
36 2 893 559 592
10 23 115 627 537
25 27 739 618 617
15 14 84 645 584
13 6 5 627 630
37 27 612 577 569
11 22 340 583 536
26 28 756 636 604
16 9 834 562 551
14 9 125 625 632
38 28 575 610 609
12 25 990 593 568
27 17 35 631 628
1 4 679 594 572
25 1 474 586 565
39 17 819 640 531
28 30 111 626 599
29 31 484 563 557
6 13 134 555 627
30 32 669 655 598
31 29 544 579 551
5 24 318 549 604
27 37 152 621 646
8 11 311 635 213
32 26 76 572 589
6 23 975 545 628
22 20 542 601 534
31 35 281 588 531
33 22 449 640 579
23 25 534 569 625
36 33 270 631 652
34 17 182 638 648
35 24 414 547 557
33 12 830 573 616
36 7 436 623 636
34 11 76 613 561
15 21 212 614 623
37 2 50 580 659
11 29 176 656 506
26 29 387 615 507
16 18 161 622 628
14 2 92 539 536
38 5 54 644 653
12 18 844 557 556
27 28 605 575 612
1 27 187 652 625
25 8 831 529 506
39 12 153 592 657
13 27 314 645 571
28 19 151 557 660
26 7 110 602 587
14 28 501 659 558
29 22 636 598 642
3 1 588 618 416
27 6 961 574 600
30 25 373 542 659
31 8 851 614 538
18
5 5
165 5
165 245
85 245
85 645
365 645
365 165
725 165
725 325
485 325
485 645
605 645
605 885
885 885
885 -155
-75 -155
-75 965
5 965
