100
1 3911 2 5047 3 1089 4 1089 5 3898 6 4406 7 1089 8 2870 9 2610 10 12315 11 1089 12 10921 13 11678 14 15145 15 9076 16 3688 17 11843 18 8435 19 3321 20 3650 21 4868 22 1089 23 1089 24 5257 25 10457 26 5269 27 9511 28 9945 29 4325 30 9615 31 9572 32 1091 33 4786 34 5469 35 1566 36 1089 37 10357 38 6068 39 5156 40 1089 41 15335 42 15550 43 2063 44 6209 45 8974 46 1503 47 11767 48 7786 49 1089 50 8981 51 10936 52 16643 53 22019 54 12222 55 16044 56 1089 57 33702 58 3023 59 31327 60 9460 61 13651 62 19914 63 19827 64 2200 65 1089 66 23048 67 10861 68 1660 69 13774 70 4609 71 15226 72 1732 73 9752 74 3555 75 9842 76 16051 77 9719 78 1089 79 3606 80 2421 81 3058 82 1155 83 1089 84 1089 85 22912 86 28795 87 33369 88 4082 89 24892 90 16780 91 1338 92 1637 93 15748 94 34298 95 4230 96 34170 97 2566 98 27029 99 5298 100 25650 
1 1529 2 16593 3 13574 4 34391 5 8323 6 13313 7 4636 8 2413 9 8760 10 2153 11 6322 12 7716 13 28394 14 14027 15 15528 16 3391 17 28875 18 10408 19 1089 20 12207 21 18737 22 1089 23 14068 24 14242 25 2833 26 20905 27 6608 28 9331 29 5606 30 7545 31 9241 32 7106 33 5974 34 1089 35 8761 36 5774 37 10027 38 8351 39 1957 40 8565 41 11669 42 5344 43 8417 44 1121 45 4998 46 7888 47 1968 48 5195 49 2575 50 3881 51 4287 52 5474 53 5873 54 7792 55 1089 56 1306 57 9522 58 10465 59 1612 60 1089 61 12165 62 7362 63 2751 64 12777 65 9533 66 1089 67 2133 68 3759 69 7699 70 4631 71 1981 72 9737 73 6694 74 1089 75 7879 76 1089 77 4617 78 11300 79 1752 80 22279 81 4933 82 11507 83 11094 84 3505 85 17483 86 5309 87 31775 88 16534 89 25419 90 16754 91 28401 92 8137 93 25020 94 7907 95 6885 96 15354 97 17273 98 31852 99 11975 100 24941 
2297
54 54 67 1127 1360
58 51 46 1222 1344
41 23 332 1194 1324
44 4 548 1307 1139
8 26 504 1246 1243
64 77 699 1157 589
62 39 506 1206 824
10 1 994 1224 1080
70 39 633 1150 858
38 14 297 1170 1147
25 15 643 1277 1286
63 32 668 1092 1243
67 67 895 1204 1318
75 3 17 1146 1228
4 3 115 1249 1329
65 21 701 1091 1147
51 28 94 1158 1092
32 16 739 1136 1105
58 60 113 1113 1256
41 30 790 1185 1183
9 39 582 1199 837
8 23 265 1332 1170
66 12 167 1255 1135
47 24 904 1091 1139
69 1 47 1132 966
17 39 947 1095 776
23 13 994 1092 1091
62 64 6 1267 1331
45 26 515 1316 1335
67 43 226 1093 1335
70 48 635 1093 1170
60 10 675 1258 1233
25 22 656 1166 73
50 52 897 1114 1177
14 14 370 1199 1092
53 25 50 1192 1339
39 32 577 1206 1284
66 59 431 1229 1146
29 2 282 1140 1113
58 61 534 1162 1161
41 5 541 1298 1345
8 16 524 1333 1222
66 13 515 1202 1250
47 31 32 1227 1143
69 16 639 1346 1179
55 47 306 1308 1143
62 57 845 1222 1308
48 6 766 1191 530
70 41 158 1240 1094
60 15 506 1134 1346
11 20 35 1139 1199
50 53 960 1232 1230
14 7 192 1336 1117
71 58 876 1226 1251
1 6 699 1250 552
26 4 648 1168 1248
51 14 942 1304 1344
54 1 906 1181 1020
58 70 401 1152 1144
41 12 323 1120 1121
8 5 348 1265 1102
74 70 513 1111 1154
55 34 483 1125 1208
20 2 697 1171 1186
59 45 256 1324 1210
67 61 603 270 1195
48 3 36 1299 1327
13 33 749 1149 1168
70 18 421 1225 1109
35 22 444 1091 66
77 70 375 1101 1118
60 8 972 1124 1252
11 27 405 1291 1313
71 49 70 1355 1177
75 64 875 1271 1257
26 5 510 1233 1296
64 20 846 1249 1132
51 5 586 1172 1276
15 39 693 1347 899
76 21 129 1093 1097
59 69 558 1125 1314
5 25 421 1163 1114
66 31 517 1154 1148
17 12 712 233 1131
59 56 236 1145 1229
42 22 909 1179 1093
23 18 278 1243 1096
62 75 652 1273 1346
67 56 243 1339 1135
57 2 106 1093 1234
63 60 276 1349 1313
11 6 125 1223 1176
71 44 287 1175 1092
56 73 772 1109 1106
26 14 303 1101 1213
64 25 741 1282 1213
73 17 85 1141 695
66 24 104 1310 1314
47 52 579 1185 1193
17 3 305 1235 1118
55 52 587 1292 1272
20 16 645 1254 1197
59 63 938 1117 1242
42 31 76 1214 1328
62 68 850 1250 1344
10 38 900 1280 1228
67 15 625 1237 1355
18 38 667 1141 1231
57 9 22 1099 1233
24 12 496 1247 1112
46 27 244 1136 1136
11 13 124 1089 1267
56 66 534 1156 514
61 13 554 1194 1163
51 55 131 1151 438
54 28 464 612 700
76 3 45 1309 1252
30 3 494 1348 1268
59 58 216 1326 1202
42 8 612 1227 1329
70 16 265 1092 1116
48 26 464 1094 1270
70 13 47 1110 1330
57 16 764 1115 1227
56 42 90 1214 1168
60 43 224 1299 1092
24 1 259 1252 1116
61 12 373 983 1242
64 15 634 1265 1152
12 29 768 1163 1297
51 50 876 1345 989
72 63 913 1207 1292
76 60 587 1356 1178
40 18 923 1217 1163
79 21 7 1194 1104
52 51 78 1270 1303
55 14 30 1317 1275
42 9 295 1284 1105
67 1 619 1133 1162
56 39 978 1323 1316
21 5 22 1285 1231
33 16 858 1244 1099
14 36 910 1318 1221
65 70 279 1139 1264
64 56 458 1259 1249
12 22 336 1167 1116
51 41 434 1154 1096
15 3 886 1294 1283
72 56 557 1130 1159
40 15 860 1152 1231
27 2 974 1121 1287
49 31 776 1324 1241
30 21 295 1091 1218
16 34 61 1274 1339
55 5 862 1130 1271
20 35 273 1199 1164
77 18 89 1344 1180
6 28 639 1249 713
63 69 939 1100 1353
67 28 413 1118 1098
57 30 165 1108 1252
21 4 486 1278 1278
60 57 146 1357 1217
43 17 803 1162 1133
65 46 574 1167 1275
46 6 796 1119 496
68 41 777 1320 1359
58 3 551 1196 1230
61 26 1 1240 1304
64 61 894 1267 1237
12 11 152 1137 1128
15 6 539 1329 1328
72 45 762 1260 1171
37 19 394 1172 1110
49 22 327 1307 77
52 1 746 1151 979
74 20 222 1131 1151
55 32 456 1267 1233
77 9 958 1189 1298
6 5 848 1092 1317
67 19 75 1236 1308
48 53 650 1184 1135
31 21 884 1359 1267
66 72 280 1184 1294
18 2 883 1318 1138
57 37 690 1184 1239
56 53 169 1107 1093
60 50 314 1274 1211
43 28 754 1235 1253
11 33 345 1219 1310
68 18 492 1318 1158
19 33 328 1248 178
75 70 351 1191 1149
58 12 932 1158 1136
61 17 27 1260 636
9 23 390 1175 1181
12 4 248 1101 1147
69 49 719 1295 1347
15 13 659 1316 1230
62 16 465 1140 1253
27 20 540 1311 1312
74 21 872 1116 1089
77 8 948 1147 1182
53 41 528 1337 1200
57 44 82 1237 1360
56 14 355 1340 1222
21 18 773 1166 1130
60 55 614 1261 1163
43 3 730 1092 1139
7 37 152 1133 1126
65 60 164 1233 1276
33 21 660 1192 1181
58 13 398 1320 1298
78 22 147 1128 82
69 64 683 1272 1141
34 12 931 1250 1248
15 24 504 1174 1089
73 59 892 1328 1281
49 4 527 1273 1306
13 26 180 1123 1136
52 15 901 1178 1329
57 68 146 1163 1204
3 4 873 1117 1270
77 63 39 1271 1186
80 20 711 1167 1221
57 51 22 1351 1310
43 14 728 1108 1339
61 39 194 1188 890
9 5 759 1285 1332
64 44 508 1330 1255
69 39 554 1111 840
34 13 595 1260 1134
54 66 948 1092 1173
37 16 506 1108 1332
13 17 527 1271 1335
52 24 583 1211 1322
16 6 623 1308 1361
74 7 353 1134 1103
57 75 749 1280 1275
3 27 495 1114 1273
28 15 365 1313 1187
50 30 878 1115 1262
57 58 907 1239 1111
56 4 53 1114 1193
60 69 763 1144 1247
7 23 816 1148 1232
19 14 336 1177 1133
76 69 830 1132 1180
22 1 501 1241 1011
61 62 671 1204 1183
44 32 58 1132 1143
9 12 659 1315 1283
66 47 703 1278 1314
69 46 2 1173 1172
34 6 959 1355 478
73 41 41 1231 1263
54 75 315 1144 1101
55 73 136 1340 1202
59 8 17 1329 1186
62 27 542 1247 1164
49 50 667 1200 912
13 16 724 1303 1113
52 29 962 1307 1330
16 3 433 1106 1243
38 18 270 1226 1294
3 22 743 1108 66
50 23 810 1244 1323
53 6 96 1141 528
61 70 923 1224 1205
65 1 286 1089 1135
68 14 469 1150 1138
32 20 889 1111 1348
54 35 647 1245 1123
19 5 761 1247 1285
58 40 486 1115 1166
66 40 863 1157 1138
47 4 984 1185 1260
69 21 803 1116 1293
73 48 703 1095 1124
55 68 216 1150 1249
59 15 154 1169 1143
40 33 460 1351 166
10 22 264 1162 68
13 7 403 1112 1349
16 12 529 1284 1246
25 2 707 1298 1113
53 13 892 1278 1284
75 18 328 1277 1176
4 24 420 1226 1337
7 1 643 1259 1137
54 44 931 1347 1209
58 41 201 1263 1230
41 17 722 1209 1226
22 19 500 1310 1173
8 36 138 1307 1247
64 71 246 1317 1199
12 37 984 1188 1180
69 20 618 1263 1218
59 10 824 1144 1187
70 61 949 1316 1033
35 15 610 1098 1175
16 17 219 1195 562
74 58 96 1245 1355
63 22 988 1128 81
28 22 252 1297 78
67 73 734 1138 1295
50 1 298 1226 1032
14 27 643 1230 1305
53 12 495 1297 1115
65 31 298 1314 1276
29 13 482 1203 1109
32 2 79 1196 1148
54 53 612 1152 1216
58 50 392 1251 1186
41 24 459 1318 1155
44 3 881 1299 1165
9 33 556 1265 195
8 25 2 1106 1289
66 50 748 1133 943
83 19 391 1164 1297
17 33 535 1320 192
59 17 619 1159 648
16 26 852 1141 1331
38 13 676 1303 1322
25 16 536 1241 1267
63 29 36 1203 1191
67 68 161 1287 1102
75 4 821 1196 1349
4 6 928 1323 570
65 22 151 1093 1101
29 12 219 1357 1246
51 25 902 1184 1356
32 15 192 1189 1101
58 59 137 1333 1105
41 31 205 1293 1192
23 14 286 1116 1104
62 63 501 1221 1211
45 27 687 1129 1175
67 44 651 1200 1329
70 47 815 1232 1156
60 9 384 1271 1322
50 51 307 1211 1285
14 13 170 1193 1136
53 26 390 1225 1290
75 11 107 1165 1183
39 29 885 1333 1285
29 3 405 1314 1311
58 68 21 1340 1129
41 6 61 1122 1121
8 15 888 1132 1334
47 32 46 1349 1145
74 68 599 1359 1311
55 48 527 1238 1111
23 5 397 1297 1334
62 56 522 1274 1146
83 18 741 1214 1302
48 5 436 1089 1144
60 2 738 1311 1168
63 15 836 1337 1191
11 17 863 1340 1117
68 66 5 1217 575
14 6 549 1236 1234
71 63 311 1339 1332
26 3 556 1120 1125
64 22 431 1347 1139
54 16 702 1186 1096
58 69 179 1124 1353
41 13 656 1343 1316
17 22 467 1173 81
74 69 562 1203 1328
55 39 269 1243 1119
20 1 490 1102 981
59 46 604 1099 1114
42 20 805 1263 1219
67 62 262 1115 1268
13 34 249 1159 1219
70 17 301 1215 1145
35 19 727 1247 1161
77 71 723 1285 1271
60 7 414 1191 1106
82 22 835 1316 82
11 28 470 1336 1324
71 50 908 1148 987
36 18 521 1095 1108
75 61 32 1153 1141
39 15 671 1089 1121
26 12 247 1249 1117
64 19 895 1273 1115
29 17 216 1205 1272
51 6 122 1165 464
71 65 61 1240 1211
59 70 89 1269 1181
5 26 982 1134 1263
66 30 681 1124 1182
30 16 11 1182 1181
17 13 381 1298 1122
59 53 805 1302 1136
42 21 860 1361 1142
62 74 119 1116 1149
10 36 485 1251 1340
18 36 188 1192 1237
57 3 147 1193 1124
38 33 185 1114 184
24 14 331 1195 1122
63 57 141 1232 1226
46 33 994 1118 176
11 3 155 1319 1136
71 41 283 1340 1158
56 76 99 1182 1319
26 13 165 1191 1310
64 28 663 1230 1190
73 18 594 1095 1251
59 77 593 1105 641
5 1 161 1214 970
66 23 88 1157 1313
52 40 310 1120 1292
17 4 84 1232 1330
55 49 611 1290 1107
20 15 790 1264 1188
59 64 154 1122 1274
42 30 665 1119 1134
62 67 927 1226 1261
10 37 894 1129 1158
67 16 295 1300 1142
18 37 502 1126 1255
57 10 384 1317 1355
46 26 246 1311 1306
11 14 393 1148 1283
61 14 647 1358 1255
26 22 790 1310 72
65 73 225 1316 1244
64 1 492 1307 1023
72 65 952 1307 1179
76 6 414 1201 1126
40 28 205 1293 723
79 19 774 1126 1091
30 2 900 1257 1243
55 12 204 1181 1202
42 7 496 1094 1180
48 25 130 1166 1329
70 12 743 1271 1171
57 17 218 1203 616
56 41 797 1156 1264
60 46 679 1361 1106
24 4 110 1206 1157
63 43 169 1285 1315
68 62 647 1151 1190
12 32 120 1286 1221
72 58 865 1272 1291
2 6 638 1193 552
76 59 269 1244 1105
40 17 935 1270 1201
79 22 506 1214 76
49 25 615 1307 1148
52 54 183 1334 1162
55 3 423 1157 1139
42 16 448 1122 1210
63 67 336 1242 1135
56 34 953 1279 1247
21 6 440 1288 566
43 23 530 1298 1281
33 1 673 1169 986
14 35 966 1098 1218
36 14 615 1106 1145
65 71 96 1258 1194
64 55 452 1212 411
12 21 425 1234 1185
51 42 46 1145 1191
15 4 584 1205 1324
72 55 100 1129 449
37 21 248 1238 1141
27 15 777 1110 1305
49 32 805 1124 1279
30 20 322 1171 1264
16 33 398 1225 165
55 6 430 1354 470
20 38 174 1285 1137
77 19 620 1316 1190
6 27 684 1299 1276
63 70 368 1353 1140
67 25 151 1107 1128
31 19 629 1148 1149
66 65 692 1350 1293
18 16 588 1115 1298
57 31 620 1175 1176
21 13 245 1255 1226
60 60 357 1350 1332
43 18 778 1137 1098
24 18 407 1257 1187
65 47 505 1327 1232
46 5 807 1251 1242
11 39 19 1160 765
68 44 346 1245 1242
71 21 909 1126 1315
19 39 871 1142 856
58 2 926 1347 1251
61 27 603 1284 1213
9 17 869 1354 580
64 64 539 1183 1225
12 14 685 1345 1205
51 33 143 1139 192
15 11 633 1199 1236
72 48 21 1123 1152
37 20 152 1257 1155
2 24 65 1173 1348
49 23 580 1262 1334
52 4 146 1262 1354
74 19 698 1196 1118
55 29 670 1096 1175
77 10 818 1238 1127
6 4 14 1116 1144
63 77 575 1090 614
67 20 252 1156 1246
31 22 995 1347 77
18 1 234 1357 1027
57 38 793 1101 1120
21 12 960 1218 1066
60 49 399 1222 1276
43 25 366 1187 1328
7 35 796 1229 1303
11 34 627 1170 1198
68 17 384 1284 1154
19 34 173 1166 1141
75 67 701 1206 1238
58 11 514 1096 1153
9 24 962 1289 1328
12 3 55 1096 1125
69 50 724 1301 1034
15 14 362 1166 1355
62 15 528 1318 1205
27 17 721 1276 1192
69 65 950 1310 1266
77 1 347 1201 1129
80 22 526 1312 79
53 42 37 1100 1145
57 45 729 1141 1165
56 13 780 1260 1169
21 19 681 1346 1199
60 74 385 1111 1188
43 4 314 1351 1242
7 38 887 1263 1352
65 61 258 1230 1250
33 22 902 1127 78
61 41 627 1131 1153
44 33 570 1307 201
64 46 453 1330 1147
73 60 640 1186 1214
54 72 330 1299 1257
49 5 717 1089 1318
13 27 724 1236 1145
57 69 360 1350 1344
3 1 156 1236 1184
77 64 256 1124 1180
80 19 355 1303 1275
50 28 501 1096 1251
57 52 197 1341 1265
56 6 885 1109 524
43 11 859 1135 1288
61 40 733 1318 1246
44 26 235 1253 1291
9 6 111 1267 465
64 43 98 1161 1187
69 40 610 1327 1171
62 1 47 1346 1026
13 18 718 1293 1142
52 23 984 1253 1223
16 5 201 1313 1348
74 6 538 1120 1304
57 76 970 1275 1315
3 28 8 1326 726
77 55 596 1240 441
28 2 303 1243 1320
50 29 253 1128 1257
31 15 654 1310 1328
57 59 963 1259 1090
56 3 623 1288 1248
21 33 24 1124 202
60 72 837 1267 1239
7 24 103 1288 1104
32 22 231 1310 70
76 72 447 1299 1078
22 16 521 1358 1337
61 63 729 1145 1145
44 31 425 1349 1222
9 13 977 1206 1308
66 46 246 1260 1254
69 47 154 1318 1245
73 42 595 1289 1100
54 74 189 1127 1091
55 74 782 1159 1129
59 5 243 1252 1303
62 26 740 1355 1093
49 51 252 1286 1245
13 9 600 1116 1119
52 32 256 1099 1235
16 14 652 1247 1144
38 17 953 1193 1269
50 22 400 1157 70
56 28 37 1199 660
61 71 136 1355 1341
7 15 243 1332 1196
68 13 808 1305 1311
32 19 471 1280 1176
54 34 484 1206 1300
19 6 722 1091 536
58 39 613 1358 861
44 24 312 1307 1300
8 38 989 1187 1217
66 39 227 1284 947
47 1 420 1155 1070
69 22 550 1167 81
59 16 701 1322 1306
81 17 471 1266 620
13 8 37 1275 1216
16 11 69 1189 1341
74 56 997 1285 1310
25 3 808 1240 1111
53 14 957 1264 1155
56 17 274 1259 573
4 23 163 1206 1205
7 2 430 1292 1328
65 25 221 1274 1199
54 43 530 1278 1275
58 48 745 1309 1309
41 18 174 1115 1338
22 18 263 1168 1186
8 35 788 1288 1292
64 66 419 1340 1091
66 61 121 1174 1133
62 44 506 1240 270
49 33 73 1267 193
35 16 127 1302 1204
74 57 868 1197 1231
63 27 935 1348 1347
28 21 743 1173 1127
67 74 756 1107 1133
14 26 349 1161 1333
65 32 779 1115 1165
29 14 893 1220 1272
51 31 999 1198 1098
32 1 381 1322 1123
54 52 10 1186 1091
58 49 302 1148 1233
41 25 411 1204 1337
44 6 490 700 483
9 34 271 1251 1097
8 28 930 1140 678
66 49 973 1248 1147
66 56 615 1230 1319
17 34 116 1200 1323
23 12 858 1335 1241
45 29 991 1338 1221
16 25 352 1153 1175
38 12 151 1350 1305
25 17 91 1093 1271
63 30 421 1103 1194
67 65 263 1344 1340
75 1 1 1102 1345
4 5 411 1238 1342
65 23 758 1090 1325
29 5 315 1101 1150
51 26 335 1195 1274
58 58 389 1293 1098
41 32 900 1156 1195
8 17 662 1151 621
47 22 346 1223 72
17 25 310 1352 1183
42 33 617 1146 176
23 3 237 1267 1341
62 62 999 1125 1108
45 28 9 1307 1354
10 16 930 1238 1328
84 17 701 1294 688
67 41 480 1094 1235
66 73 530 1106 1205
60 12 176 1106 1340
11 23 716 1173 1125
50 50 648 1306 896
14 12 534 1093 1312
53 27 463 1195 1240
1 1 246 1093 1035
75 12 150 1157 1076
39 30 201 1216 1325
29 4 408 1161 1343
51 17 23 1324 1271
54 6 158 1137 558
58 67 340 1332 1333
41 7 826 1169 1206
47 29 296 1274 1355
74 67 775 1245 1222
55 45 899 1206 1148
23 6 286 1317 575
62 55 893 1302 443
60 1 519 1090 1202
82 20 664 1195 1258
63 16 70 1207 1232
11 18 338 1316 1110
68 65 567 1292 1328
14 5 714 1138 1128
71 64 137 1278 1199
39 21 926 1216 1346
26 2 613 1266 1197
64 21 15 1111 1172
51 12 139 1110 1089
54 15 438 1286 1131
58 76 260 1186 1179
41 14 270 1249 1336
66 28 543 1115 1350
17 23 563 1206 1308
55 40 750 1352 1296
20 4 714 1346 1147
59 43 777 1134 1165
42 19 762 1195 1312
67 59 929 1190 1258
13 35 420 1165 1293
35 20 512 1231 1157
77 72 607 1347 1112
82 21 673 1306 1344
63 55 518 1277 444
11 25 659 1092 1355
71 55 326 1232 1321
36 17 843 1354 1283
75 62 174 1190 1295
39 16 434 1165 1359
64 30 853 1290 1234
29 18 558 1183 1187
51 3 210 1096 1147
15 37 936 1252 1145
71 66 311 1329 497
58 77 626 1300 626
59 67 811 1208 1123
5 27 143 1307 1178
66 29 426 1240 1090
30 15 452 1117 1108
17 14 321 1217 1321
59 54 496 1238 1247
42 28 147 1235 1100
62 73 733 1141 1181
45 1 889 1267 1184
10 35 225 1314 1099
48 22 80 1116 70
18 35 841 1135 1283
57 4 415 1167 1328
24 13 707 1220 1344
63 58 825 1178 1251
46 32 754 1259 1236
11 4 966 1143 1187
71 42 651 1093 1219
1 22 406 1199 1256
56 75 535 1244 1336
26 20 404 1177 1199
64 27 561 1296 1227
73 19 40 1149 1165
54 17 980 1152 601
40 30 807 1197 1283
5 2 515 1354 1133
66 22 491 1253 1216
47 50 41 1270 1248
52 39 319 1218 868
17 5 852 1171 1214
55 50 932 1145 1128
59 61 720 1289 1303
42 29 685 1236 1260
62 66 404 1282 1243
67 13 802 1119 1220
57 11 418 1335 1211
24 6 69 1213 553
63 33 340 1309 167
46 25 709 1260 1256
11 11 414 1160 1204
56 68 34 1117 1260
61 15 146 1095 1189
26 21 575 1270 1222
65 74 551 1315 1119
12 26 675 1236 1318
51 53 447 1284 1324
2 4 148 1110 1353
76 5 387 1141 1321
79 20 297 1214 1318
30 1 766 1228 1142
42 6 908 1290 1258
6 24 13 1248 1120
48 28 532 1319 1319
56 44 294 1351 1104
60 45 438 1110 1302
24 3 192 1189 1136
63 44 698 1240 267
68 61 553 1101 1170
65 65 654 1312 1250
12 31 392 1176 1201
72 57 56 1273 1204
2 5 464 1332 1270
76 62 308 1157 1216
40 20 311 1090 1102
27 5 15 1254 1190
49 26 586 1118 1095
52 53 133 1213 1349
55 4 771 1267 1290
77 21 229 1249 1105
42 15 437 1284 1154
63 68 474 1244 1175
67 31 722 1144 1295
48 33 472 1307 194
66 66 631 1224 1327
56 33 909 1192 1174
43 24 896 1166 1305
65 41 813 1163 1197
33 2 799 1330 1280
14 34 116 1239 1201
71 19 160 1226 1262
36 13 827 1104 1303
61 29 441 1163 1184
65 72 915 1165 1361
64 50 501 1127 1291
12 24 613 1137 1227
51 39 554 1193 1144
15 1 385 1112 1146
72 50 957 1322 946
37 22 389 1198 69
27 16 849 1323 1130
30 19 587 1142 1271
16 36 90 1336 1241
20 37 101 1170 1138
77 20 939 1242 1114
6 26 483 1104 1300
63 75 758 1347 1275
67 26 164 1135 1342
31 20 672 1122 1280
18 15 728 1280 1131
57 32 420 1356 1110
21 14 613 1277 1223
60 59 578 1335 1345
43 31 260 1219 1234
24 17 585 1332 1110
65 48 986 1196 1175
46 4 890 1267 1229
68 43 717 1275 1361
71 22 329 1339 70
58 1 933 1355 1271
61 28 94 1216 1239
64 63 1 1212 1290
12 13 945 1314 1243
15 12 696 1315 1321
72 47 135 1334 1265
37 29 302 1332 1114
2 23 14 1269 1356
49 24 152 1348 1342
52 3 191 1117 1203
74 18 466 1125 1344
55 30 963 1136 1244
77 11 865 1167 1207
6 3 883 1165 1353
67 17 878 1271 1349
48 55 611 1133 371
57 39 44 267 827
56 55 535 1189 409
21 21 732 1308 1243
60 52 227 1221 1211
43 26 98 1249 1159
7 36 696 1207 1156
65 39 322 1175 879
68 20 169 1234 1343
75 68 501 1221 1332
58 10 586 1202 1301
9 25 977 1176 1093
64 40 541 1145 1224
12 6 367 1119 1098
72 40 719 1246 1154
37 28 684 1232 1311
62 14 65 1337 1178
27 18 598 1231 1153
13 29 746 1217 1119
69 66 171 1155 515
52 12 542 1310 1297
77 2 693 1106 1111
80 21 846 1117 1229
53 43 977 1132 1281
57 46 681 1250 1100
56 16 169 1168 1262
21 20 290 1256 1238
60 73 959 1335 1220
43 1 674 1165 1313
7 27 39 1325 1173
65 62 597 1283 1201
61 42 628 1279 1240
64 45 18 1147 1249
15 22 677 1216 74
73 61 765 1151 1111
54 71 519 1178 1114
49 6 186 1272 495
13 28 305 1236 1226
52 17 746 1299 598
74 4 894 1106 1298
57 70 31 1097 1223
3 2 759 1261 1094
77 57 799 1146 1212
28 12 122 1116 1145
50 27 79 1349 1180
31 5 884 1246 1183
53 50 803 1206 910
57 53 14 1355 1093
56 5 35 1092 1194
60 66 577 1114 1273
43 12 430 1125 1255
19 17 980 1099 598
76 66 733 1158 1326
22 6 400 1125 575
61 33 426 1223 1239
44 25 630 1179 1106
66 44 788 1199 1217
72 22 581 1189 79
62 32 44 1143 1097
13 19 929 1305 1180
52 26 344 1165 1311
16 8 480 1199 1197
74 5 687 1096 1121
57 77 127 1297 699
3 25 187 1296 1331
77 56 543 1185 1274
28 1 884 1295 1067
31 16 308 1190 1282
57 60 364 1222 1152
56 30 132 1097 1239
60 71 48 1174 1243
61 73 264 1356 1338
65 12 105 1352 1206
32 21 861 1118 1173
54 40 917 1207 1245
19 12 632 1130 1256
76 71 294 1206 1089
22 15 83 1275 1358
61 64 233 1225 1106
9 14 275 1356 1168
66 45 659 1340 1125
69 48 746 1259 1256
73 43 952 1227 1228
54 73 748 1111 1204
59 6 807 1190 1096
62 25 665 1230 1243
49 52 475 1194 1333
13 10 810 1228 1141
52 31 736 1312 1156
16 13 410 1231 1335
38 32 461 1143 1241
75 21 791 1121 1117
61 72 706 1340 1146
7 16 839 1355 1276
68 16 503 1241 1122
54 33 636 1094 1321
19 3 739 1148 1260
61 55 261 959 387
44 23 737 1285 1166
8 37 316 1158 1248
47 2 803 1100 1286
12 34 291 1237 1263
66 62 831 1185 1127
55 66 720 1169 463
59 13 919 1336 1264
81 18 519 1319 1103
10 28 920 1207 676
13 1 273 1136 1006
70 50 80 1320 868
16 22 453 1278 76
74 55 842 1301 451
25 4 166 1243 1201
63 17 410 1124 670
53 15 302 1176 1178
4 26 192 1254 1275
65 26 335 1138 1112
54 42 628 1131 1306
58 47 192 1115 1281
41 19 322 1141 1182
22 17 455 1202 1263
64 65 202 1256 1133
12 39 69 1206 796
34 22 924 1247 71
62 43 324 1099 1342
78 20 728 1270 1235
35 13 401 1099 1104
74 64 102 1223 1166
63 28 253 1187 1205
67 71 150 1217 1130
14 25 1000 1186 1211
53 22 183 1156 81
75 7 210 1249 1285
65 17 887 1135 1346
29 15 177 1314 1095
51 32 160 1104 1189
32 4 341 1105 1287
54 51 438 1222 1359
58 56 542 1307 1278
41 26 165 1090 1224
44 5 190 1271 1194
9 35 319 1264 1239
8 27 777 1245 1267
64 74 327 1351 1333
17 35 957 1324 1344
45 30 814 1211 1282
10 6 902 1274 511
67 47 766 1323 1306
66 74 303 1204 1122
16 28 408 1200 729
25 18 192 1263 1177
67 66 600 283 515
53 29 567 1327 1297
75 2 519 1315 1221
39 28 478 1259 662
65 24 530 1149 1291
29 6 36 1323 521
51 23 187 1285 1282
58 57 16 1281 1253
41 1 669 1226 1174
47 27 221 1179 1326
17 26 574 1121 1355
55 43 309 1324 1154
23 4 674 1302 1281
62 61 51 1311 1255
10 15 474 1181 1230
67 42 405 1340 1135
70 45 456 1226 1284
60 11 553 1205 1342
72 19 845 1357 1274
11 24 453 1139 1121
14 11 179 1338 1261
53 28 6 1293 1248
1 2 964 1243 1223
75 9 973 1269 1248
39 19 263 1114 1242
72 66 609 1218 495
54 5 459 1152 1308
58 66 846 1237 1243
41 8 647 1292 1353
5 22 710 1339 75
47 30 531 1356 1347
66 60 349 1340 1286
17 17 274 1292 651
74 66 723 1201 1204
55 46 467 1110 1138
67 33 463 1276 198
13 37 307 1317 1228
70 22 87 1141 81
60 4 221 1279 1121
82 19 479 1228 1199
63 13 141 1345 1327
11 31 436 1260 1165
14 4 315 1089 1146
71 61 39 1099 1103
1 25 131 1211 1347
39 22 822 1204 67
26 1 264 1342 1080
64 24 370 1197 1322
15 35 321 1209 1228
54 14 235 1207 1156
58 75 849 1260 1309
41 15 414 1239 1105
8 2 786 1340 1124
66 27 195 1153 1138
17 24 904 1249 1348
55 37 650 1190 1289
20 3 265 1159 1347
59 44 195 1306 1170
42 18 700 1139 1092
67 60 176 1293 1157
13 36 354 1324 1276
35 17 542 1201 1238
77 65 136 1344 1308
63 56 219 1104 1354
11 26 161 1245 1131
71 56 267 1316 1144
36 20 183 1350 1239
75 59 381 1316 1129
56 77 80 1279 578
39 13 931 1246 1246
64 29 990 1130 1324
29 19 129 1246 1303
51 4 229 1156 1323
15 38 575 1345 1267
76 10 242 1224 1234
59 68 238 1135 1326
5 28 456 1244 671
66 55 103 1119 447
66 20 607 1229 1332
30 14 233 1108 1313
52 33 967 1360 168
17 15 487 1325 1284
66 58 241 1349 1298
20 12 383 1101 1297
59 51 694 1114 1215
42 27 395 1147 1115
23 21 842 1200 1247
62 72 927 1155 1226
45 2 23 1207 1247
10 34 823 1103 1267
18 34 551 1127 1175
57 5 398 1186 1342
24 16 257 1253 1334
63 63 851 1206 1185
46 31 751 1192 1306
11 1 509 1216 1097
68 50 839 1336 1065
71 47 702 1123 1347
1 23 201 1237 1168
56 70 608 1248 1259
26 19 264 1219 1193
73 20 436 1094 1200
54 32 946 1162 1127
59 75 760 1287 1213
40 29 351 1329 1147
5 3 143 1354 1228
66 21 264 1119 1246
47 55 997 1351 1149
52 42 893 1177 1290
17 6 731 274 567
55 55 546 1142 423
20 17 528 1340 637
59 62 966 1315 1269
42 4 82 1146 1344
62 65 505 1128 1233
67 14 902 1254 1138
48 30 935 1223 1129
70 1 991 1211 1049
57 12 412 1330 1131
56 46 431 1152 1316
24 5 318 1208 1254
46 24 495 1261 1149
11 12 646 1296 1166
56 67 400 1263 1139
61 16 996 1134 1172
65 75 899 1257 1208
12 25 95 1095 1217
51 54 51 1270 1262
2 3 706 1215 1154
76 8 117 1197 1295
40 22 547 1340 74
79 17 910 1261 670
42 5 689 1182 1328
6 23 482 1197 1209
48 27 687 1174 1091
66 67 93 1204 1284
56 43 693 1338 1272
60 48 863 1162 1161
63 41 973 1145 1344
68 64 226 1172 1241
33 12 364 1166 1084
76 19 322 1282 1103
65 66 268 1199 1252
64 12 889 1231 1114
12 18 495 1279 1361
72 60 964 1166 1186
2 28 715 1092 803
76 61 114 1199 1172
40 19 246 1211 1253
27 6 745 1186 507
49 27 453 1125 1179
16 38 524 1294 1232
55 1 296 1109 1047
77 22 521 1155 74
42 14 563 1191 1179
63 65 122 1093 1182
67 32 701 1232 1113
56 36 328 1345 1250
43 21 236 1290 1331
65 42 173 1235 1287
33 3 355 1285 1286
14 33 316 627 203
71 20 419 1250 1361
36 16 438 1186 1325
61 30 236 1096 1230
64 49 394 1177 1237
12 23 699 1151 1299
51 40 111 1116 1114
15 2 306 1207 1162
72 49 693 1314 1330
40 12 739 1352 1078
27 13 116 1208 1250
30 18 925 1201 1192
16 35 940 1226 1124
55 28 594 1148 717
6 25 107 1204 1116
63 76 558 1267 1110
67 23 823 1212 1293
31 17 479 1282 1123
18 14 683 1111 1138
57 33 865 1234 1228
21 15 204 1266 1228
60 62 956 1333 1208
43 32 829 1145 1305
24 20 703 1265 1247
65 33 252 1155 171
46 3 340 1311 1111
11 37 692 1170 1303
68 46 275 1289 1248
19 37 94 1273 1231
58 8 891 1261 1291
64 58 416 1244 1351
12 16 683 1317 1254
15 9 870 1278 1342
72 42 986 1201 1216
37 30 655 1147 1291
2 22 85 1210 76
52 6 261 1135 526
74 17 36 1149 627
77 12 214 1274 1075
6 2 161 1091 1264
67 18 840 1156 1309
48 50 349 1282 859
57 40 660 1204 1096
56 50 672 1106 1202
21 22 585 1359 1313
60 51 816 1194 1127
43 7 406 1301 1309
7 33 555 1337 1348
65 40 576 1150 1327
68 19 863 1263 1211
33 17 762 1142 1188
75 65 656 1216 1238
58 9 945 1299 1350
9 26 351 1256 1209
64 39 531 1145 941
12 5 306 1354 1282
73 55 472 1096 395
72 39 863 1307 892
62 13 175 1199 1090
13 30 869 1228 1190
77 3 875 1160 1218
31 3 141 1286 1126
53 44 380 1264 271
57 47 155 1190 1192
56 15 966 1137 1089
60 76 300 1286 1214
43 2 617 1254 1223
7 28 468 1230 691
65 63 34 1239 1114
61 43 245 1191 1304
9 1 706 1322 980
64 48 955 1299 1195
15 27 491 1155 1230
73 62 581 1280 1136
54 70 857 1277 1166
13 21 942 1223 1130
74 3 700 1350 1316
57 71 980 1271 1168
77 58 708 1144 1223
50 26 575 1093 1166
31 6 823 1091 491
53 51 722 1134 1129
57 54 106 1356 1278
60 65 916 1342 1340
43 9 854 1357 1187
70 65 183 1156 1096
68 1 855 1225 1172
76 65 538 1287 1128
22 5 749 1266 1140
44 28 143 1330 1265
66 43 465 1260 1136
72 21 686 1289 1260
62 31 597 1306 1335
13 20 588 1294 1151
52 25 904 1291 1239
16 7 533 1108 1223
74 12 409 1253 1218
38 22 174 1169 79
3 26 745 1240 1210
28 4 674 1356 1290
31 13 547 1222 1275
57 61 59 1161 1167
56 29 141 1243 1167
61 74 926 1305 1354
7 22 950 1293 72
65 13 289 1121 1160
54 39 898 1338 1313
22 14 932 1210 1147
61 57 363 1183 1152
9 15 618 1209 1156
69 41 922 1198 1271
66 63 315 1234 1162
73 44 56 1114 1260
59 3 20 1355 1309
62 24 277 1121 1228
49 53 866 1284 1191
13 11 847 1096 1356
16 16 362 1356 1182
38 31 754 1118 1347
53 1 283 1346 1192
75 22 597 1325 74
61 65 33 1161 1210
7 13 167 1284 1108
68 15 208 1214 1139
54 48 711 1095 1187
19 4 180 1263 1115
78 18 188 1285 1215
61 56 983 1130 1150
12 33 649 1107 1340
34 20 777 1211 1153
55 71 703 1140 1323
59 14 315 1225 1241
81 19 140 1337 1110
62 17 97 1251 608
10 27 882 1295 1100
13 2 830 1092 1352
70 49 881 1322 1187
25 5 113 1346 1173
83 17 551 1146 652
28 18 268 1314 1299
67 77 700 1139 695
53 16 587 1095 1353
4 25 462 1147 1353
65 27 739 1214 1327
32 6 400 1179 568
54 41 804 1094 1167
58 46 778 1323 1153
41 20 238 1268 1303
64 68 560 1164 1117
34 21 575 1187 1168
62 42 646 1143 1252
10 4 366 1354 1232
35 14 243 1243 1208
74 63 75 1310 1303
25 12 736 1323 1145
63 25 248 1328 1137
67 72 63 1090 1332
50 6 418 1276 520
14 24 975 1217 1328
53 23 874 1304 1191
75 8 373 1272 1287
4 2 921 1155 1099
65 18 872 1260 1307
29 16 796 1220 1214
51 29 807 1271 1208
32 3 593 1335 1252
54 50 993 1345 1309
58 55 281 1255 1095
41 27 145 1147 1335
9 36 249 1126 1160
8 22 178 1155 80
64 73 89 1139 1191
17 36 388 1128 1241
73 65 651 1126 1282
45 31 328 1127 1348
10 5 181 1209 1180
67 48 946 1280 1150
16 27 345 1229 1202
25 19 644 1266 1234
72 20 897 1104 1223
14 17 239 657 567
53 30 279 1269 1149
51 24 394 1111 1345
32 12 787 1240 1215
58 64 514 1356 1307
41 2 975 1263 1245
66 16 479 1289 1281
47 28 604 1194 1318
69 13 161 1118 1313
17 27 846 1140 1103
55 44 70 1270 1324
59 39 481 1138 779
23 1 21 1297 1021
62 60 603 1198 1157
45 22 754 1194 70
10 14 127 1311 1145
67 39 679 1233 832
70 44 721 1157 1360
60 14 650 1308 1176
11 21 346 1235 1105
14 10 953 1093 1313
71 59 814 1226 1121
1 3 364 1318 1189
75 10 92 1128 1270
39 20 241 1135 1133
51 15 994 1160 1186
54 4 189 1269 1284
58 65 29 1301 1190
41 9 290 1356 1279
5 23 863 1301 1090
8 12 686 1261 1294
66 1 47 1123 959
69 12 414 1192 1217
74 65 796 1158 1301
55 35 706 1343 1159
48 2 791 1102 1186
13 38 421 1251 1186
70 21 139 1188 1249
60 3 569 1352 1133
82 18 253 1108 1313
63 14 300 1183 1160
11 32 69 1190 1241
14 3 440 1322 1089
71 62 443 1352 1212
1 26 874 1097 1156
64 23 759 1125 1137
29 21 384 1331 1253
15 36 96 1185 1307
54 13 439 1194 1323
58 74 297 1199 1089
41 16 719 1167 1183
8 1 765 1277 1126
66 26 76 1272 1288
17 9 928 1269 1286
55 38 315 1340 1122
20 6 892 1321 543
59 41 29 1280 1326
42 17 478 1361 1225
23 19 509 1309 1143
67 57 889 1248 1334
35 18 178 1246 1113
77 66 444 1149 1318
11 7 797 1320 1207
36 19 976 1135 1301
75 60 789 1301 1283
39 14 274 1133 1272
64 32 929 1202 1211
29 20 537 1274 1316
51 1 508 1335 1159
54 22 277 1214 70
76 9 139 1269 1160
59 65 37 1305 1111
5 5 94 1162 1201
66 19 946 1097 1312
30 13 14 1121 1191
17 16 369 1327 1300
59 52 638 1104 1314
42 26 382 1119 1359
23 22 730 1173 76
62 71 73 1091 1309
45 3 906 1154 1107
10 33 679 1268 203
48 24 982 1123 1274
18 33 388 1289 177
57 6 208 1165 1277
60 17 468 1213 578
24 15 421 1176 1334
63 64 560 1268 1323
46 30 608 1343 1280
11 2 31 1138 1265
68 49 968 1194 1209
71 48 477 1220 1182
1 24 259 1237 1093
56 69 990 1307 1104
26 18 990 1113 1275
73 21 276 1132 1170
54 31 646 1146 1253
76 2 676 1325 1232
59 76 468 1294 1335
40 32 340 1315 1263
5 4 311 1183 1264
30 6 651 1139 493
52 41 410 1338 1263
17 7 765 1111 1340
59 59 266 1308 1267
42 3 135 1173 1231
48 29 936 1101 1123
66 68 958 1339 1178
57 13 117 1302 1147
56 45 454 1341 1117
60 42 750 1230 1158
63 39 800 1246 867
46 23 298 1301 1254
11 9 956 1176 1288
71 39 834 1136 809
76 20 798 1159 1165
65 76 907 1229 1103
64 14 886 1169 1266
12 28 74 1109 1338
51 51 511 1293 1108
72 62 871 1355 1328
2 2 969 1209 1335
76 7 861 1266 1265
40 21 271 1327 1194
79 18 817 1350 1356
52 50 830 1343 885
55 15 913 1095 1154
42 12 594 1172 1332
6 22 773 1239 66
56 38 705 1129 1315
60 47 427 1320 1137
63 42 880 1312 1179
68 63 893 1139 1106
33 13 510 1302 1201
14 39 450 1199 840
65 67 941 1222 1247
12 17 507 1303 1137
72 59 92 1206 1140
2 27 378 1239 1349
76 64 709 1338 1103
40 14 915 1213 1128
27 3 621 1163 1158
49 28 865 1281 1340
52 55 658 1166 409
16 37 998 1360 1213
55 2 227 1170 1137
20 34 940 1323 1331
42 13 392 1280 1089
63 66 419 1274 1226
67 29 54 1148 1098
18 12 153 1224 1252
56 35 563 1119 1128
21 1 817 1289 968
60 40 115 1107 1333
43 22 513 1337 1171
24 22 76 1353 75
65 43 953 1221 1123
68 40 917 1302 1196
33 4 169 1339 1307
71 17 688 993 574
36 15 421 1186 1191
61 31 720 1281 1168
12 10 909 1162 1249
15 7 817 1253 1233
27 14 105 1186 1273
30 17 201 1330 1236
20 39 883 1098 923
63 73 769 1150 1115
67 24 987 1360 1196
31 18 524 1279 1294
53 39 828 1257 777
18 13 491 1343 1180
57 34 321 1195 1269
21 16 686 1131 1157
60 61 703 1185 1248
43 29 464 1349 1103
24 19 724 1196 1138
46 2 744 1221 1134
11 38 629 1203 1199
68 45 696 1164 1183
71 12 737 1288 1268
19 38 570 1178 1303
75 71 708 1288 1122
58 7 587 1305 1310
39 33 783 1355 190
61 22 833 1147 1216
64 57 952 1182 1152
12 15 285 1287 1333
15 10 884 1228 1195
73 49 113 1135 1283
72 41 366 1256 1201
37 31 152 1253 1111
27 21 273 1252 1316
52 5 529 1186 1161
77 5 350 1290 1111
6 1 88 1187 985
18 6 522 1184 529
57 41 54 1327 1326
56 49 72 1105 1305
60 54 580 1137 1160
43 8 783 1209 1175
7 34 850 1244 1304
65 57 637 1316 1237
68 22 310 1129 71
33 18 746 1089 1288
75 66 395 1306 1346
58 16 520 1112 1327
9 27 611 1106 1252
12 8 502 1218 1211
69 61 492 1251 977
15 17 150 1314 693
73 56 241 1224 1229
62 12 712 1230 1158
49 1 179 1271 1196
13 31 97 1352 1128
52 14 467 1133 1308
57 65 363 1090 1281
3 5 123 1289 1202
77 4 685 1156 1184
31 4 574 1292 1296
53 53 658 1295 1126
57 48 123 1309 1188
60 75 646 1098 1159
43 15 924 1251 1237
7 25 520 1141 1099
65 64 765 1129 1162
70 66 665 1220 468
58 17 871 1312 613
61 44 525 1065 316
9 2 557 1334 1205
64 47 979 1321 1176
34 16 26 1175 1341
15 28 933 1188 753
73 63 777 1208 1201
54 69 614 1281 1265
37 13 568 1247 1245
13 22 594 1249 1212
74 2 513 1179 1268
57 72 260 1245 1217
77 59 305 1321 1358
28 14 363 1223 1330
50 25 117 1286 1209
66 69 428 1207 1139
53 52 557 1260 1337
57 55 925 1123 1098
60 68 361 1146 1353
43 10 500 1175 1290
65 55 797 1286 388
19 15 707 1251 1241
76 68 8 1292 1213
22 4 101 1143 1099
44 27 209 1324 1224
66 42 201 1112 1356
34 1 561 1099 1110
66 64 259 1190 1277
37 12 446 1198 1092
62 30 814 1124 1314
13 13 92 1258 1161
52 28 513 1151 1153
16 2 146 1271 1174
74 11 664 1298 1261
38 21 656 1221 1172
3 23 186 1104 1307
28 3 24 1229 1296
31 14 708 1293 1230
57 62 792 1251 1189
56 32 771 1299 1223
61 75 225 1107 1242
65 14 268 1328 1353
54 38 471 1100 1294
78 19 282 1195 1254
22 13 724 1332 1170
61 58 136 1222 1296
9 16 847 1130 1358
69 42 917 1157 1168
73 45 690 1238 1202
55 77 263 1256 613
59 4 996 1211 1334
62 23 902 1199 1170
10 17 263 1249 605
49 54 240 1348 1192
13 12 752 1142 1237
16 15 365 1353 1146
38 30 287 1148 1323
53 2 338 1351 1224
75 19 312 1224 1167
61 66 893 1226 1172
7 14 979 1140 1350
54 47 956 1133 1221
19 1 703 1132 1086
58 44 235 1341 1332
22 22 433 1308 74
8 39 45 1151 805
64 70 92 1178 1265
12 36 802 1119 1319
69 17 41 1130 1117
34 19 169 1176 1103
55 72 503 1102 1208
59 11 123 1243 1109
81 20 135 1351 1170
10 26 344 1268 1334
13 3 507 1164 1167
70 64 256 1353 1289
16 24 306 1168 1105
25 6 563 1168 541
63 23 437 1157 1318
28 17 372 1268 1194
50 4 326 1218 1330
4 28 232 1159 702
7 5 227 1116 1227
65 28 123 1248 1297
32 5 442 1315 1126
58 45 664 1320 1290
41 21 990 1092 1223
44 2 625 1119 1210
64 67 103 1107 1223
37 33 562 1352 1169
62 41 884 1359 1227
45 33 25 1132 176
10 3 730 1302 1277
83 20 129 1128 1257
74 62 743 1147 1167
38 16 500 1113 1222
25 13 435 1294 1177
72 17 263 1199 655
63 26 646 1334 1109
67 69 519 1100 1257
50 5 396 1176 1112
14 23 560 1171 1204
53 24 210 1132 1242
75 5 47 1108 1265
4 1 354 1156 1126
65 19 89 1300 1169
51 30 207 1099 1210
32 14 116 1310 1152
54 49 265 1236 1260
58 54 440 1309 1322
41 28 745 1110 1176
9 37 744 1094 1265
64 76 652 1320 1234
17 37 616 1116 1207
73 66 303 1290 541
23 15 958 1276 1358
45 32 601 1152 1190
10 12 741 1174 1291
67 45 653 1269 1165
74 39 71 1216 788
25 20 316 1135 1268
63 1 96 1173 1067
14 16 241 1178 1206
53 31 97 1279 1097
58 63 849 1349 1328
41 3 753 1359 1298
8 14 377 1345 1210
66 15 34 1250 1348
47 25 58 1197 1302
69 14 70 1093 1164
17 28 981 1316 712
55 41 70 1260 1222
59 40 615 1268 1319
23 2 673 1223 1264
62 59 955 1252 1276
45 23 618 1332 1095
10 13 874 1146 1090
84 22 486 1218 81
67 40 98 1153 1152
70 43 438 1346 1153
60 13 431 1275 1211
63 12 548 1295 1092
11 22 538 1130 1221
50 55 363 1130 446
14 9 731 1229 1105
71 60 658 1244 1311
1 4 200 1190 1098
75 55 604 1303 430
39 17 804 1195 1164
83 21 780 1164 1291
51 16 120 1351 1321
54 3 331 1149 1173
58 72 333 1228 1309
41 10 955 1257 1191
5 24 625 1170 1359
74 72 840 1171 1255
55 36 72 1246 1209
59 47 593 1123 1116
67 63 192 1337 1355
48 1 653 1262 1080
13 39 309 1210 843
70 20 778 1263 1309
60 6 32 1317 1184
82 17 25 1198 692
11 29 465 1306 1213
14 2 114 1339 1270
1 27 604 1182 1118
39 12 211 1206 1295
64 18 651 1103 1255
29 22 389 1200 66
15 33 54 1335 187
54 12 849 1116 1069
58 73 364 1325 1314
59 71 241 1192 1227
8 4 232 1268 1170
66 25 409 1309 1098
17 10 206 1297 1138
20 5 477 1131 1307
59 42 798 1273 1330
42 24 925 1154 1316
23 20 132 1352 1189
62 77 206 1093 652
45 5 857 1350 1113
67 58 997 1245 1318
77 67 367 1194 1350
11 8 796 1289 1325
50 33 368 1296 198
36 22 92 1268 71
75 57 596 1194 1294
26 16 356 1300 1236
64 31 811 1147 1130
51 2 335 1349 1353
76 12 855 1208 1100
59 66 242 1229 1141
5 6 119 1184 539
66 18 606 1322 1277
30 12 346 1179 1243
17 1 505 1174 1176
20 14 924 1341 1295
59 49 235 1298 1188
42 25 934 1119 1263
62 70 517 1253 1313
45 4 486 1259 1248
67 49 200 1162 1096
48 23 209 1267 1338
57 7 320 1121 1247
63 61 286 1151 1102
46 29 318 1259 1109
11 15 385 1344 1315
71 45 24 1201 1104
56 72 67 1152 1171
76 17 706 1158 611
26 17 63 1136 1094
73 22 861 1323 71
54 30 955 1347 1310
76 1 817 1273 1202
59 73 32 1224 1137
40 31 649 1358 1206
47 53 142 1332 1310
30 5 7 1199 1204
52 44 585 1205 301
17 8 36 1262 1360
55 53 177 1261 1149
59 60 74 1309 1213
42 2 470 1215 1113
67 12 403 1140 1142
48 32 888 1144 1230
70 15 482 1276 1216
57 14 827 1183 1273
56 48 641 1207 1361
60 41 320 1316 1267
43 33 754 1135 176
63 40 571 1273 1103
46 22 361 1222 75
11 10 787 1300 1151
71 40 515 1203 1174
65 77 568 1324 581
64 13 927 1219 1348
12 27 270 1129 1248
51 52 564 1111 1183
72 61 675 1170 1300
2 1 40 1090 1100
76 58 860 1118 1221
55 16 285 1200 1290
42 11 738 1326 1236
56 37 940 1359 1093
33 14 132 1102 1343
14 38 238 1336 1344
61 1 21 1193 1157
65 68 794 1340 1161
66 76 171 1178 1317
12 20 893 1154 1123
51 43 124 1327 1098
2 26 33 1270 1223
76 63 464 1318 1143
40 13 294 1116 1188
27 4 502 1106 1254
49 29 673 1185 1115
20 33 578 1216 172
63 71 842 1177 1257
67 30 943 1294 1267
57 28 501 1322 767
21 2 680 1334 1237
60 39 124 1345 861
43 19 702 1299 1285
24 21 316 1211 1156
78 17 881 1212 578
65 44 814 1151 1350
68 39 736 1310 761
33 5 229 1162 1108
71 18 536 1279 1190
61 32 457 1151 1317
66 77 516 1293 564
12 9 152 1314 1313
15 8 371 1275 1293
37 17 473 1098 1358
76 56 218 1200 1359
63 74 499 1278 1225
67 21 35 1155 1091
53 40 587 1203 1348
18 4 550 1333 1166
57 35 617 1345 1305
60 64 249 1265 1328
43 30 321 1344 1150
46 1 754 1220 1018
11 35 974 1270 1304
68 48 403 1323 1175
19 35 935 1208 1130
75 72 211 1108 1236
58 6 452 1318 1160
61 23 212 1352 1247
64 60 716 1230 1248
12 2 430 1181 1324
15 15 36 1100 1152
73 50 362 1203 917
72 44 333 1190 1158
37 32 354 1268 1266
27 22 443 1350 66
55 17 65 1116 574
77 6 666 1127 1328
48 52 471 1166 1184
83 22 887 1292 76
18 5 613 1238 1346
57 42 832 1155 1162
56 52 11 1203 1208
60 53 145 1156 1101
43 5 287 1139 1237
7 39 308 1248 1192
65 58 555 1277 1111
68 21 871 1214 1295
33 19 337 1154 1126
58 15 939 1318 1154
9 28 845 1247 738
64 33 449 1355 205
12 7 192 1335 1237
69 62 477 1172 1273
73 57 991 1219 1196
70 46 930 1228 1106
49 2 750 1218 1198
13 32 702 1348 1214
52 13 596 1208 1122
57 66 138 1190 1344
3 6 540 1133 548
77 61 348 1179 1239
80 18 538 1218 1235
31 1 571 1128 966
66 70 122 1097 1117
53 54 667 1337 1251
57 49 716 1347 1321
43 16 870 1108 1315
7 26 964 1286 1179
65 49 69 1328 1335
9 3 447 1103 1194
64 42 105 1089 1102
34 15 982 1354 1280
15 25 918 1326 1153
73 64 60 1330 1180
54 68 607 1315 1139
37 14 162 1231 1355
13 23 141 1322 1250
52 22 625 1277 72
74 1 396 1209 1140
57 73 86 1162 1130
77 60 230 1185 1226
28 13 801 1177 1294
50 32 396 1289 1290
31 12 584 1152 1098
57 56 253 1182 1306
56 2 162 1166 1336
60 67 423 1093 1220
61 77 50 1342 617
7 17 330 1137 1120
65 56 204 1196 1291
19 16 944 1218 1282
76 67 699 1210 1135
41 33 793 1359 184
22 3 534 1284 1118
44 30 659 1341 1173
66 41 374 1130 1264
73 39 259 1095 843
54 77 476 1357 1249
55 75 566 1170 1167
62 29 113 1152 1257
13 14 524 1180 1304
52 27 385 1185 1230
16 1 99 1353 1193
74 10 751 1207 1142
38 20 298 1262 1317
3 24 317 1165 1198
28 6 671 1241 560
57 63 227 1355 1288
56 31 184 1281 1360
61 76 701 1145 1300
7 12 491 1333 1132
65 15 29 1324 1122
68 12 536 1305 1254
32 18 873 1168 1243
54 37 428 1350 1263
22 12 894 1319 1207
61 59 116 1285 1319
69 43 572 1250 1176
73 46 169 1337 1102
59 1 858 1314 1188
62 22 487 1320 82
10 24 956 1303 1188
49 55 154 1314 392
13 5 852 1314 1353
16 10 951 1149 1198
38 29 211 1304 1196
53 3 136 1219 1242
75 20 151 1163 1322
4 22 294 1102 67
61 67 182 1280 1349
7 3 11 1189 1298
54 46 704 1346 1200
19 2 124 1153 1246
58 43 818 1352 1353
22 21 684 1361 1359
8 34 985 1143 1159
64 69 767 1297 1303
47 5 195 1116 1164
12 35 930 1342 1282
69 18 383 1298 1098
34 18 10 1348 1098
55 69 778 1222 1247
59 12 85 1259 1099
81 21 799 1198 1265
10 25 712 1276 1358
13 4 427 1195 1264
70 63 404 1241 1271
16 23 584 1353 1117
74 60 597 1246 1122
72 18 903 1122 1129
63 24 478 1295 1268
28 20 605 1206 1181
67 75 701 1176 1271
50 3 252 1279 1213
4 27 963 1282 1113
7 6 135 1351 564
65 29 693 1103 1233
54 55 22 1237 442
58 52 247 1172 1174
41 22 190 1129 1184
44 1 989 606 1178
62 40 122 1212 1311
10 2 623 1098 1278
70 40 234 1125 1299
35 12 594 1159 1239
74 61 41 1313 1127
38 15 264 1106 1238
25 14 444 1183 1189
63 31 74 1190 1302
67 70 919 1288 1307
14 22 215 610 66
53 17 347 1281 615
75 6 78 1217 1209
4 4 286 1310 1342
65 20 601 1311 1306
51 27 892 1277 1146
32 13 333 1122 1349
58 53 99 1239 1263
41 29 414 1094 1319
9 38 915 1198 1215
8 24 273 1335 1275
64 75 89 1324 1204
47 23 399 1223 1145
17 38 889 1222 1296
23 16 239 1184 1227
62 33 590 1231 185
45 25 489 1251 1172
67 46 649 1307 1109
25 21 467 1332 1200
14 15 60 1098 1270
53 32 870 1129 1274
39 31 983 1131 1347
29 1 108 1223 986
51 22 173 1207 76
58 62 616 1326 1234
41 4 244 1238 1293
8 13 511 1144 1356
66 14 182 1274 1229
47 26 984 1334 1116
69 15 467 1295 1161
55 42 818 1105 1143
62 58 286 1110 1170
45 24 748 1208 1251
70 42 676 1338 1207
60 16 31 1093 1119
11 19 610 1281 1287
50 54 693 1179 1106
14 8 534 1219 1305
71 57 216 1307 1353
1 5 488 1309 1276
75 56 828 1178 1109
39 18 639 1330 1149
51 13 969 1091 1212
54 2 26 1345 1317
58 71 489 1098 1355
41 11 218 1113 1349
8 6 859 1313 476
47 33 412 1193 199
74 71 701 1141 1262
55 33 754 1212 1151
59 48 570 1140 1297
67 64 594 1188 1306
48 4 591 1113 1112
70 19 186 1131 1178
35 21 141 1219 1230
77 69 982 1229 1345
60 5 89 1149 1298
11 30 402 1334 1243
14 1 872 1328 1056
1 28 775 1334 1326
75 63 632 1158 1356
26 6 514 1305 493
64 17 742 1165 1152
15 34 821 1348 1315
76 22 347 1334 77
59 72 303 1176 1232
8 3 324 1192 1291
66 32 269 1320 1257
17 11 18 1289 1136
59 55 678 1123 1213
42 23 367 1197 1159
23 17 952 1357 1331
62 76 828 1095 1175
45 6 180 1313 572
67 55 691 1348 418
57 1 99 1353 1161
77 68 276 1129 1278
63 59 735 1180 1349
11 5 400 1348 1099
71 43 210 1225 1260
36 21 968 1114 1315
75 58 403 1208 1340
56 74 590 1244 1302
76 18 338 1215 1340
26 15 905 1179 1220
64 26 607 1103 1168
76 11 703 1253 1121
66 17 374 1189 1101
47 51 127 1255 1347
17 2 126 1127 1221
55 51 978 1283 1234
20 13 249 1357 1347
59 50 9 1092 1167
42 32 780 1263 1219
62 69 456 1329 1111
10 39 602 1282 778
67 50 478 1147 1039
18 39 312 1194 900
57 8 662 1258 1121
63 62 100 1347 1351
46 28 217 1152 1104
11 16 993 1311 1321
71 46 722 1212 1144
56 71 975 1287 1259
54 29 151 1173 1226
76 4 811 1225 1162
59 74 938 1210 1169
47 54 491 1329 1263
30 4 560 1181 1100
52 43 535 1089 1138
55 54 594 1194 1352
59 57 299 1141 1111
42 1 728 1279 1115
48 31 604 1329 1361
70 14 758 1181 1113
57 15 730 1180 1354
56 47 327 1311 1181
60 44 526 1150 1341
24 2 494 1111 1246
64 16 377 1106 1349
12 30 137 1111 1341
72 64 247 1277 1190
76 57 210 1154 1153
52 52 25 1360 1257
55 13 80 1240 1203
42 10 335 1241 1212
18 17 457 1260 673
56 40 328 1220 1109
66 57 885 1196 1159
33 15 965 1188 1098
14 37 993 1130 1305
36 12 864 1092 1283
65 69 603 1269 1299
66 75 95 1186 1201
12 19 110 1286 1235
51 44 560 1328 1302
2 25 928 1094 1350
40 16 46 1212 1208
27 1 336 1224 1156
49 30 928 1284 1309
30 22 995 1105 72
16 39 652 1180 801
20 36 459 1232 1262
77 17 832 1317 593
63 72 51 1233 1343
67 27 753 1361 1305
57 29 725 1358 1092
21 3 802 1295 1351
60 58 716 1244 1300
43 20 726 1139 1140
65 45 77 1298 1169
68 42 720 1126 1329
33 6 189 1121 547
58 4 351 1301 1204
61 25 370 1346 1168
64 62 930 1329 1129
12 12 155 1324 1176
15 5 442 1302 1127
72 46 791 1173 1335
37 18 271 1300 1201
76 55 334 1282 392
27 12 585 1118 1241
52 2 283 1269 1296
55 31 795 1132 1107
6 6 196 1143 493
67 22 629 255 82
48 54 18 1316 1116
53 33 407 1140 204
18 3 732 1093 1260
57 36 626 1095 1214
56 54 265 1303 1322
60 63 235 1109 1096
43 27 394 1165 1115
11 36 156 1348 1220
68 47 493 1270 1224
19 36 989 1180 1185
75 69 516 1120 1264
58 5 40 1194 1124
61 24 754 1271 1324
9 22 202 1291 76
64 59 990 1135 1104
12 1 65 1283 1156
15 16 241 1163 1340
72 43 433 1137 1128
27 19 184 1304 1169
74 22 280 1267 74
77 7 364 1259 1178
48 51 772 1118 1216
66 71 938 1265 1260
57 43 519 1200 1175
56 51 71 1191 1322
21 17 736 1361 1133
60 56 296 1348 1334
43 6 342 1131 1297
65 59 654 1345 1217
33 20 771 1238 1100
71 1 442 1291 1144
58 14 405 1143 1248
69 63 388 1217 1242
15 23 20 1204 1280
73 58 388 1110 1357
49 3 891 1095 1297
13 25 267 1195 1113
52 16 340 1138 1318
57 67 428 1293 1133
3 3 149 1359 1212
77 62 124 1225 1325
80 17 191 1204 581
31 2 400 1112 1105
53 55 60 1132 405
57 50 213 1092 1329
56 12 749 1263 1202
60 77 292 1317 663
43 13 151 1134 1224
65 50 929 1297 1061
78 21 999 1245 1307
9 4 66 1272 1360
64 41 660 1133 1217
34 14 528 1097 1268
15 26 957 1173 1177
54 67 405 1102 1144
37 15 176 1157 1314
13 24 104 1294 1250
74 8 255 1292 1090
57 74 787 1336 1316
28 16 632 1280 1180
50 31 316 1286 1339
57 57 909 1309 1188
56 1 302 1236 1149
21 39 654 1288 918
60 70 196 1233 1273
19 13 247 1252 1264
76 70 212 1185 1195
22 2 51 1113 1255
61 61 528 1140 1259
44 29 71 1156 1360
66 48 378 1322 1147
69 45 795 1151 1113
73 40 81 1196 1356
54 76 101 1150 1290
55 76 659 1326 1205
59 7 961 1329 1113
62 28 150 1293 1330
13 15 999 1169 1104
52 30 93 1318 1219
16 4 150 1356 1187
74 9 247 1148 1292
38 19 544 1115 1118
28 5 297 1149 1187
50 24 833 1276 1090
53 5 412 1302 1199
57 64 573 1299 1184
61 69 795 1144 1148
65 16 568 1213 1201
32 17 205 1144 1242
54 36 614 1090 1102
61 60 712 1218 1146
44 22 293 742 70
66 33 573 1300 206
47 3 277 1282 1314
69 44 868 1310 1247
73 47 913 1244 1274
55 67 554 1194 1297
59 2 317 1092 1131
10 23 818 1283 1348
13 6 719 1144 1212
16 9 777 1319 1120
74 50 991 1339 1059
38 28 943 1161 811
25 1 472 1187 1170
53 4 997 1187 1176
75 17 873 1098 673
61 68 673 1249 1287
7 4 160 1300 1173
54 45 723 1115 1116
58 42 79 1283 1310
22 20 821 1190 1347
8 33 201 1160 175
64 72 217 1306 1137
47 6 381 1216 548
12 38 544 1143 1202
69 19 779 1180 1270
34 17 359 1355 1207
55 70 325 1213 1135
59 9 57 1211 1324
81 22 248 1148 81
70 62 505 1360 1152
74 59 958 1294 1346
28 19 410 1112 1333
67 76 109 1286 1277
50 2 122 1092 1220
14 28 846 630 802
65 30 543 1175 1167
111
4 4
1104 4
1104 184
554 184
554 364
994 364
1324 364
1324 -176
884 -176
884 -356
1654 -356
1654 -176
1434 -176
1434 4
1874 4
1874 -536
1434 -536
1434 -716
2534 -716
2534 364
2424 364
2424 -356
2204 -356
2204 -176
2314 -176
2314 4
2204 4
1984 4
1984 364
2314 364
2314 544
2754 544
2754 724
2204 724
2204 1084
1984 1084
1984 724
2094 724
2094 544
1654 544
1654 364
1874 364
1874 184
1434 184
1434 724
1764 724
1764 904
1874 904
1874 1084
1874 1264
2424 1264
2424 1624
2094 1624
2094 1444
1984 1444
1984 1804
2204 1804
2204 1984
2314 1984
2314 1804
2534 1804
2534 2344
2424 2344
2424 2164
2204 2164
2204 2524
1764 2524
1764 2164
1874 2164
1874 1804
1544 1804
1544 1624
1764 1624
1764 1444
1654 1444
1654 1264
1764 1264
1764 1084
1214 1084
1214 904
1324 904
1324 724
664 724
664 544
444 544
444 724
554 724
554 904
444 904
444 1084
664 1084
664 1264
224 1264
224 1084
334 1084
334 904
4 904
4 724
334 724
334 544
224 544
224 364
334 364
334 184
-546 184
-546 -176
-326 -176
-326 4
-216 4
-216 -176
4 -176
