50
1 8172 2 7912 3 8146 4 9437 5 8021 6 8468 7 9365 8 8305 9 7703 10 9254 11 9006 12 8731 13 9844 14 18148 15 16931 16 17381 17 17231 18 17768 19 15880 20 19288 21 24050 22 25675 23 22880 24 21512 25 24000 26 25506 27 21972 28 14728 29 15252 30 17077 31 14406 32 16371 33 15342 34 15197 35 16941 36 16852 37 15973 38 15641 39 16554 40 14880 41 17388 42 14770 43 15553 44 14083 45 17350 46 16530 47 14712 48 11532 49 21445 50 10598 
1 20220 2 23299 3 21634 4 27518 5 22534 6 21875 7 23619 8 24904 9 24071 10 26113 11 26273 12 24606 13 26040 14 23061 15 24438 16 21816 17 7531 18 3451 19 3756 20 3442 21 3390 22 3476 23 3221 24 3784 25 3333 26 4060 27 3687 28 3724 29 3220 30 6831 31 6675 32 7899 33 7510 34 12191 35 16965 36 17247 37 17935 38 18012 39 18526 40 18290 41 16341 42 19313 43 15448 44 17463 45 18583 46 18456 47 22484 48 4448 49 16335 50 3982 
1381
32 7 952 680 613
22 29 237 709 692
44 4 218 699 638
47 13 109 707 602
30 45 51 707 701
34 42 534 679 600
37 35 484 698 589
45 35 204 689 655
10 1 494 709 575
35 9 411 669 588
16 31 252 677 712
38 14 376 690 621
25 15 56 616 718
4 3 507 695 668
29 11 680 612 679
32 16 999 703 625
22 38 39 627 616
30 38 462 620 656
34 35 103 640 654
17 39 669 688 695
37 42 607 693 617
42 35 35 698 663
23 13 394 683 720
10 10 941 695 655
35 4 623 670 703
25 22 937 599 683
14 14 814 638 618
1 15 794 581 638
4 12 556 704 625
29 2 198 640 586
41 5 543 619 685
8 16 685 614 676
17 30 829 610 467
42 44 444 685 665
23 8 683 673 717
45 17 552 709 118
25 29 826 605 639
14 7 839 642 641
1 6 166 638 703
26 4 546 669 588
41 12 246 678 691
27 35 935 682 704
8 5 458 708 590
47 34 24 657 343
20 2 688 658 706
42 45 754 576 649
23 31 588 703 689
45 16 66 712 591
18 44 650 634 614
46 41 234 649 653
39 10 460 584 711
26 5 339 590 639
15 39 758 579 605
27 46 121 620 616
47 41 827 670 632
17 12 648 701 698
20 7 118 669 684
23 18 705 612 596
45 7 17 625 631
35 45 775 717 641
18 45 84 622 711
38 34 286 606 355
46 34 835 595 294
11 6 273 687 720
39 1 584 700 561
26 14 919 581 601
15 42 400 585 673
5 8 147 678 601
30 10 891 683 611
17 3 807 655 666
20 16 550 646 660
23 41 498 629 654
35 40 666 629 671
18 38 865 707 594
38 43 820 612 655
43 40 918 616 697
24 12 851 625 590
11 13 936 704 590
26 23 944 610 629
2 14 252 649 665
5 15 897 678 578
30 3 637 715 630
42 8 801 683 717
23 36 964 612 643
31 36 948 656 582
18 31 131 650 613
24 1 191 697 514
33 9 477 689 661
14 43 50 583 619
36 6 946 660 624
26 32 870 709 691
2 7 525 604 671
27 7 264 647 637
20 30 942 593 390
42 9 250 579 640
28 46 838 683 657
31 43 283 693 644
21 5 539 683 677
43 42 367 662 607
24 26 891 577 673
46 13 845 645 638
33 16 959 659 716
14 36 703 578 697
36 11 375 651 662
15 3 114 651 604
40 15 595 596 595
27 2 71 687 694
16 34 836 615 586
20 35 891 658 615
28 35 782 653 602
31 46 854 642 711
18 9 800 691 577
21 4 921 629 621
43 17 910 705 99
24 23 523 625 641
46 6 844 674 597
33 7 362 640 606
19 42 922 584 633
39 45 339 598 679
12 11 148 672 625
15 6 675 593 711
2 17 377 637 104
40 8 482 608 662
27 9 299 654 637
20 44 648 649 656
6 5 915 604 701
18 2 433 705 654
21 11 452 692 619
19 33 469 591 681
39 40 460 610 687
44 41 980 589 591
12 4 487 587 630
15 13 902 717 718
27 20 67 583 596
3 9 595 631 647
25 38 565 587 607
6 14 406 677 635
21 18 73 710 620
43 3 170 578 716
24 37 133 671 610
32 37 202 646 639
36 34 247 712 331
44 34 335 681 312
34 12 84 579 660
37 1 490 683 578
27 27 185 644 581
3 4 530 704 592
25 45 538 707 690
28 10 639 673 670
31 7 988 644 713
21 25 722 706 668
43 14 789 638 579
29 41 764 652 684
33 44 897 675 617
32 46 265 615 647
36 39 375 592 650
22 8 647 692 636
44 39 135 619 664
9 5 279 671 583
34 13 384 695 649
15 31 407 664 577
37 16 371 683 603
13 17 891 701 114
16 6 58 584 680
28 15 986 678 600
31 10 911 711 719
21 40 700 696 672
29 40 951 650 648
33 35 211 611 656
32 43 544 617 618
19 14 828 662 602
41 35 343 617 630
22 1 602 627 559
9 12 847 664 665
34 6 921 585 595
40 44 526 671 676
13 16 414 647 667
16 3 144 613 620
28 8 306 686 612
7 10 305 599 591
19 5 190 714 578
41 42 517 661 581
22 10 923 706 617
47 4 413 716 648
45 46 626 705 656
13 7 925 682 578
16 12 594 638 694
25 2 847 705 603
26 39 852 696 620
7 1 337 646 587
41 17 722 677 101
22 19 363 672 716
44 14 718 654 674
47 11 932 628 631
17 42 103 660 632
37 37 530 648 589
45 37 390 631 654
35 15 763 618 597
16 17 110 689 112
38 4 368 698 577
25 9 3 649 696
29 13 624 585 625
32 2 221 696 614
22 28 121 713 617
44 3 575 577 653
47 14 660 613 671
30 44 49 602 692
34 41 793 717 648
17 33 129 698 610
37 36 653 703 634
23 11 167 676 581
45 36 654 716 654
10 8 141 620 699
35 10 2 604 663
38 13 225 614 665
25 16 453 632 599
1 9 861 708 652
4 6 83 582 615
29 12 686 590 677
32 15 614 639 602
22 37 92 641 590
30 37 292 684 707
34 34 649 707 296
17 40 433 648 641
37 43 331 637 608
42 34 528 677 289
23 14 340 709 645
10 9 912 665 582
35 1 235 606 541
25 23 350 617 648
14 13 886 627 674
1 16 447 694 706
4 11 7 699 667
29 3 300 692 635
41 6 70 580 682
22 46 880 697 577
8 15 150 588 668
17 31 524 576 622
42 43 874 714 620
23 5 973 603 649
25 30 894 702 673
11 17 76 647 119
14 6 259 640 679
1 7 200 661 603
26 3 261 640 628
41 13 78 689 707
27 36 129 607 692
8 8 348 706 585
47 39 161 603 707
20 1 902 584 530
23 32 553 593 603
45 9 315 702 673
18 43 264 695 675
38 40 85 687 618
46 40 582 635 713
39 15 335 681 592
26 12 834 614 715
29 17 357 617 103
15 40 488 640 586
27 43 863 636 616
47 42 107 611 659
30 16 906 591 589
17 13 565 601 654
20 10 366 691 686
23 23 388 713 621
45 8 563 701 703
35 46 350 649 697
18 36 134 706 719
24 14 611 675 638
11 3 483 719 719
39 2 847 636 589
26 13 792 660 662
2 12 418 661 629
5 1 878 665 483
30 9 401 641 584
17 4 664 682 629
20 15 544 626 699
23 42 852 677 644
35 37 759 583 631
18 37 33 707 639
38 42 925 592 590
43 37 138 698 682
24 11 301 715 635
11 14 309 596 671
26 22 449 713 583
2 13 900 624 661
5 16 893 645 709
30 2 883 671 655
42 7 317 615 592
23 33 175 666 582
18 30 364 687 438
24 4 985 695 606
33 10 445 673 718
14 42 882 692 608
36 5 965 599 704
26 31 89 650 676
2 6 527 609 616
40 17 238 595 96
27 8 535 610 611
42 16 960 702 639
28 45 294 577 583
31 44 297 602 641
21 6 653 657 707
24 25 753 586 583
46 12 756 634 640
33 1 672 594 581
14 35 917 593 662
36 14 874 643 682
39 43 874 621 582
15 4 866 587 714
40 10 437 687 607
27 15 887 700 680
16 33 430 673 682
20 38 3 578 712
28 38 574 711 716
18 16 73 670 632
21 13 724 690 628
24 18 918 587 713
46 5 349 678 670
33 8 136 620 614
19 39 916 696 673
39 46 759 596 647
9 17 669 653 106
12 14 87 664 662
15 11 158 684 592
40 7 192 603 674
27 10 318 630 702
16 42 48 702 673
20 43 405 624 701
3 15 568 644 696
6 4 537 707 595
18 1 164 628 566
21 12 634 677 680
19 34 278 718 639
39 37 806 641 636
44 44 676 673 636
12 3 220 616 683
15 14 576 651 720
27 17 580 107 115
3 10 335 627 616
25 39 481 707 716
6 13 184 674 594
21 19 383 706 711
43 4 616 682 579
24 40 330 665 711
32 40 957 579 641
34 11 722 649 669
37 2 944 632 662
27 28 37 647 581
3 1 711 616 600
25 46 899 620 635
28 9 170 626 583
31 8 866 577 590
21 26 559 580 672
43 11 988 705 688
29 42 950 644 616
33 45 360 585 678
32 45 798 703 707
36 42 343 636 716
22 7 42 599 596
9 6 592 649 606
34 4 944 672 684
15 32 438 621 632
37 9 713 647 694
40 46 937 590 622
16 5 898 661 695
28 2 936 705 621
31 15 651 689 634
21 33 504 715 610
33 36 196 653 648
19 11 50 699 699
41 36 524 580 703
22 16 798 716 714
9 13 961 662 710
34 5 750 719 681
40 43 350 662 649
13 9 764 627 673
16 14 853 605 617
38 17 89 671 111
28 7 18 714 627
7 15 171 653 589
19 6 12 697 685
41 43 859 659 672
22 9 929 693 602
47 1 239 688 535
40 36 135 716 681
13 8 84 638 698
16 11 166 719 664
25 3 961 674 620
26 38 49 669 597
7 2 57 708 584
22 18 743 646 670
44 13 874 646 694
47 12 191 604 576
17 43 424 687 605
37 38 658 615 594
45 38 392 698 627
35 16 646 717 605
38 3 246 663 580
25 10 8 695 699
29 14 871 584 588
32 1 706 626 589
22 27 911 633 579
44 6 472 671 621
30 43 654 705 588
17 34 623 636 611
37 45 122 681 673
23 12 821 584 689
10 7 440 686 691
35 7 117 720 616
38 12 173 661 593
25 17 325 674 673
1 10 627 614 601
4 5 268 625 679
29 5 707 648 696
32 10 628 653 625
22 36 259 653 675
8 17 228 682 106
30 36 975 581 705
37 44 827 584 702
23 3 120 627 687
10 16 972 628 672
35 2 297 588 639
25 24 276 609 602
14 12 12 627 631
1 1 184 577 611
4 14 395 711 623
29 4 853 627 700
41 7 829 632 644
22 45 377 657 679
8 10 392 659 581
17 32 6 699 601
42 42 314 592 688
23 6 926 627 598
25 31 424 600 580
46 46 246 656 678
14 5 530 718 625
1 8 879 649 583
26 2 127 580 584
41 14 665 610 660
27 33 542 630 692
8 7 664 617 612
47 40 743 615 627
20 4 669 672 648
23 29 175 607 701
45 10 263 654 683
18 42 248 707 696
38 39 919 702 682
46 39 583 604 585
36 17 994 707 120
39 16 861 670 699
26 11 356 676 708
15 37 623 699 710
27 44 837 630 702
30 15 149 659 653
17 14 726 627 661
20 9 535 619 667
23 24 483 610 589
45 1 156 680 507
35 43 146 694 710
18 35 802 660 665
24 13 360 580 622
11 4 527 623 674
39 7 535 672 595
26 20 527 606 665
2 11 922 618 579
5 2 428 717 652
30 8 289 701 601
17 5 674 587 579
35 38 784 627 582
38 41 608 707 717
43 38 673 600 656
24 6 634 717 660
11 11 214 710 617
26 21 719 592 631
2 4 749 609 714
5 9 184 711 600
30 1 220 621 545
42 6 378 606 687
23 34 942 583 657
31 34 388 641 289
43 45 260 632 598
24 3 741 678 694
33 11 513 602 589
14 41 136 584 652
36 8 765 630 680
26 30 870 598 704
2 5 936 710 600
27 5 267 668 585
20 32 758 664 710
42 15 523 599 620
6 17 720 652 110
31 41 677 714 672
21 7 458 583 631
24 28 517 711 700
46 11 553 613 711
33 2 200 686 649
14 34 143 697 643
36 13 890 675 667
19 45 891 625 704
39 44 160 596 631
15 1 385 632 581
40 9 657 639 597
27 16 798 583 605
16 36 625 612 664
20 37 677 597 577
28 37 994 576 585
18 15 915 577 664
21 14 761 704 595
24 17 147 653 715
46 4 883 610 707
19 40 199 720 593
39 35 818 612 632
12 13 74 612 577
15 12 735 639 623
40 2 909 668 634
27 23 315 704 615
16 41 183 615 660
20 46 788 613 580
3 16 7 578 611
25 33 153 650 662
6 3 896 639 674
18 8 904 670 583
21 21 584 600 709
24 42 334 707 597
19 31 755 713 626
39 38 831 582 654
44 43 77 611 622
12 6 718 646 670
27 18 308 689 711
3 7 419 687 692
25 40 131 643 680
6 12 234 688 675
21 20 659 720 624
43 1 913 580 532
24 39 273 693 699
32 39 579 656 613
36 36 733 617 649
44 36 404 696 662
34 10 472 659 672
37 3 399 625 673
27 25 397 677 585
3 2 938 661 577
28 12 802 657 681
31 5 853 644 676
21 27 55 684 695
43 12 130 656 607
29 43 930 716 714
33 46 293 718 711
36 41 857 669 617
19 17 115 595 111
22 6 172 690 666
9 7 532 655 628
34 3 980 606 631
37 10 500 606 710
40 45 462 610 656
16 8 1 691 717
28 1 701 597 554
31 16 381 631 670
21 34 449 630 619
29 34 391 697 315
33 37 611 693 659
19 12 647 641 715
41 37 974 613 628
22 15 850 598 580
9 14 114 591 662
40 38 481 719 660
13 10 68 604 596
16 13 747 699 703
21 41 840 611 697
4 17 22 587 97
26 36 456 696 699
7 16 766 687 649
19 3 801 680 676
41 44 996 677 626
22 24 787 688 606
47 2 739 710 693
40 35 2 697 674
13 1 163 594 535
25 4 625 581 705
14 32 681 658 593
26 37 383 643 638
7 7 286 576 635
22 17 495 701 608
44 16 583 665 698
47 9 636 594 702
17 44 339 711 700
37 39 675 617 649
45 39 64 594 669
35 13 425 714 618
38 2 326 676 686
25 11 896 660 582
26 46 461 682 644
29 15 842 701 652
32 4 532 679 583
22 26 771 697 579
44 5 586 656 620
30 42 567 717 577
17 35 69 608 608
37 46 765 684 653
23 9 855 638 623
10 6 485 623 605
35 8 512 600 649
38 11 309 711 667
25 18 613 700 676
1 11 193 720 581
4 8 734 677 642
29 6 692 667 683
32 9 289 689 684
41 1 5 593 480
22 35 144 610 616
30 35 968 613 630
34 40 114 581 580
42 40 483 584 617
23 4 93 669 660
10 15 931 672 663
25 25 996 586 714
14 11 778 607 706
1 2 182 625 635
4 13 498 635 601
41 8 716 590 704
22 44 949 604 612
27 39 953 703 679
8 9 324 624 674
17 17 920 606 120
42 41 577 630 597
23 27 214 608 658
25 32 136 710 618
46 45 267 627 619
14 4 714 698 672
26 1 225 718 522
15 35 415 600 595
41 15 505 632 663
27 34 237 102 315
8 2 435 687 715
47 37 922 710 712
20 3 851 610 600
23 30 272 593 604
45 11 502 698 646
35 17 894 673 97
18 41 843 608 612
38 38 310 606 594
46 38 845 609 712
39 13 168 671 659
26 10 913 706 621
15 38 48 620 580
27 41 439 639 691
30 14 654 577 648
17 15 472 646 617
20 12 569 651 664
23 21 309 599 699
45 2 8 611 644
35 44 625 577 628
18 34 741 654 645
24 16 893 660 666
11 1 398 593 510
39 8 451 685 599
26 19 364 636 594
15 45 49 583 708
2 10 804 693 709
5 3 211 658 586
30 7 490 676 606
17 6 993 708 690
20 17 133 613 102
42 4 143 665 671
35 35 520 598 580
43 35 499 622 662
24 5 4 648 668
11 12 555 588 619
36 2 578 714 598
26 28 247 715 718
2 3 611 594 629
5 10 871 665 606
42 5 769 667 619
23 39 713 698 623
28 42 438 606 696
31 39 69 604 704
43 46 644 645 663
24 30 837 621 700
46 17 633 718 114
33 12 171 671 590
14 40 27 633 654
36 7 738 632 639
26 29 79 657 586
27 6 958 702 720
16 38 916 644 608
20 31 524 642 646
42 14 50 663 715
31 42 171 706 634
21 8 180 672 670
24 27 237 634 713
46 10 697 710 692
33 3 931 585 621
14 33 630 580 689
36 16 534 695 617
19 46 305 639 654
39 41 16 681 656
15 2 783 607 662
40 12 416 620 665
27 13 117 702 691
16 35 796 699 585
20 40 346 614 689
28 40 620 674 668
31 17 653 668 111
18 14 427 635 697
21 15 579 603 613
24 20 385 650 690
46 3 191 718 599
19 37 268 713 626
39 36 604 704 592
12 16 889 591 666
15 9 85 635 713
40 1 925 644 482
27 24 773 685 579
16 44 862 657 670
20 45 87 612 618
3 13 949 666 610
25 34 692 665 657
6 2 388 688 656
18 7 241 695 648
21 22 699 640 635
43 7 795 605 677
24 41 228 618 661
33 17 179 719 115
19 32 212 703 608
44 46 932 634 688
12 5 106 619 641
37 5 476 619 654
27 31 690 660 673
3 8 671 693 715
25 41 763 617 645
6 11 885 710 605
31 3 832 582 662
21 29 740 607 606
43 2 338 714 678
24 34 795 675 719
29 45 280 670 609
32 34 489 700 300
36 35 558 608 654
44 35 514 627 692
9 1 669 604 503
34 9 223 665 643
37 4 69 601 715
27 26 942 596 697
28 11 656 601 651
31 6 590 651 601
21 28 720 617 692
43 9 146 611 699
29 44 900 655 637
36 44 796 613 606
22 5 895 623 585
9 8 4 579 578
34 2 873 630 621
15 30 389 719 439
37 11 86 687 593
16 7 782 710 596
28 4 976 592 626
31 13 362 576 601
21 35 82 616 695
29 35 524 711 597
33 38 277 635 625
19 9 752 632 606
41 38 319 709 626
22 14 439 649 712
44 17 533 660 98
9 15 922 700 585
40 37 142 696 619
13 11 717 708 701
16 16 145 688 685
3 17 710 718 98
21 42 79 582 660
26 35 2 675 658
7 13 233 678 681
19 4 863 595 640
41 45 607 607 615
22 23 649 616 660
44 10 981 715 661
47 7 161 628 659
45 41 851 619 685
13 2 171 591 630
38 8 732 699 616
25 5 707 589 702
14 31 465 657 704
26 44 813 654 581
7 8 735 694 579
32 6 447 649 715
22 32 635 588 588
44 15 226 633 671
47 10 74 650 690
17 45 570 692 658
37 40 642 707 651
45 40 443 712 657
10 4 114 664 709
35 14 927 638 659
16 30 549 580 472
38 1 788 670 513
25 12 708 611 691
4 2 891 701 650
26 45 945 674 610
29 16 262 665 624
32 3 524 607 681
22 25 796 683 595
44 8 985 619 713
47 17 764 654 101
30 41 536 586 682
34 46 308 578 687
17 36 333 651 634
23 10 268 602 719
10 5 137 708 627
35 5 521 668 695
38 10 303 645 629
25 19 319 604 638
14 17 431 629 106
1 12 203 655 691
4 7 297 694 604
29 7 97 629 614
32 12 558 606 580
41 2 82 702 698
22 34 343 589 716
30 34 376 690 297
34 39 688 665 588
42 39 6 584 587
23 1 947 677 562
10 14 562 594 614
25 26 796 643 674
14 10 181 651 712
1 3 319 642 631
4 16 252 586 694
41 9 889 659 668
22 43 822 713 665
27 40 56 578 706
8 12 534 587 629
47 35 139 612 599
23 28 186 681 583
45 13 551 704 630
46 44 659 645 585
14 3 49 694 587
39 11 776 614 676
26 8 921 580 709
15 36 639 665 686
41 16 22 671 596
8 1 118 585 546
47 38 530 660 647
17 9 384 624 643
20 6 984 597 710
42 17 746 710 120
23 19 950 606 667
45 12 916 667 607
38 37 60 706 634
46 37 78 578 719
11 7 494 674 579
1 17 74 663 600
39 14 43 601 648
26 9 944 619 673
15 43 846 616 598
5 5 345 716 674
27 42 816 697 713
47 45 883 636 693
30 13 313 720 705
17 16 450 685 595
20 11 847 596 626
23 22 163 576 664
45 3 743 678 598
35 41 712 650 589
18 33 699 599 660
38 46 810 693 702
24 15 304 595 673
11 2 460 586 612
39 5 419 615 675
26 18 19 697 600
15 46 533 680 576
2 9 780 624 611
5 4 42 583 710
30 6 452 684 641
17 7 709 648 593
42 3 231 581 611
23 45 119 636 653
35 36 181 607 668
43 36 874 579 687
24 8 284 712 708
11 9 534 664 689
14 46 494 705 641
36 1 329 689 578
26 27 806 701 606
2 2 130 601 714
5 11 96 630 674
42 12 948 576 691
23 40 17 626 592
28 41 648 630 659
31 40 772 661 607
43 43 710 718 650
24 29 491 609 702
46 16 91 718 668
33 13 794 607 595
14 39 508 637 695
36 10 683 709 620
12 17 860 652 96
40 14 779 716 603
27 3 603 670 600
16 37 679 607 604
20 34 263 653 714
42 13 299 621 669
28 34 98 587 310
18 12 945 630 716
21 1 177 626 492
24 22 119 587 683
46 9 630 684 616
33 4 885 718 671
36 15 614 645 619
19 43 313 687 622
39 42 523 700 604
12 10 848 654 671
15 7 858 579 674
40 11 99 673 651
27 14 383 611 625
30 17 781 614 117
16 46 394 678 592
20 39 946 605 650
6 8 406 657 600
28 39 27 579 592
18 13 618 647 598
21 16 928 715 655
24 19 198 697 646
46 2 51 630 619
19 38 278 626 628
12 15 660 674 652
15 10 748 677 634
40 4 367 625 658
27 21 736 657 580
16 43 33 605 589
3 14 979 656 658
25 35 989 682 625
6 1 486 674 485
18 6 133 665 646
21 23 69 612 701
43 8 959 611 605
24 44 404 654 644
44 45 197 712 581
12 8 433 645 674
15 17 472 616 115
37 6 221 581 696
27 32 917 676 617
3 5 11 583 582
25 42 691 604 627
6 10 717 658 713
31 4 91 613 606
21 30 582 622 689
43 15 841 677 704
24 33 195 709 694
29 46 281 605 617
33 41 216 698 610
36 38 927 702 663
44 38 670 649 601
9 2 498 595 592
34 16 335 648 615
37 13 241 701 718
28 14 877 701 601
31 11 837 692 703
21 37 552 652 649
43 10 206 584 625
29 37 787 720 643
32 42 957 584 678
36 43 536 589 621
19 15 718 623 627
22 4 172 655 720
9 9 761 632 608
34 1 617 680 565
37 12 715 681 603
13 13 842 598 657
16 2 674 636 692
28 3 441 656 645
31 14 980 631 579
21 36 855 700 706
7 11 158 634 599
29 36 898 680 594
33 39 959 661 700
19 10 372 633 656
41 39 531 713 685
22 13 359 595 614
9 16 137 695 603
40 40 637 679 594
10 17 109 597 114
13 12 320 626 591
16 15 588 692 619
21 43 852 606 706
26 34 752 629 628
7 14 200 639 680
19 1 868 588 548
41 46 728 667 636
22 22 332 714 627
44 9 334 618 590
47 8 530 699 648
45 42 881 631 624
13 3 830 693 594
38 7 117 685 585
25 6 47 584 616
28 17 227 691 119
14 30 161 709 716
26 43 719 629 588
7 5 130 644 588
32 5 844 633 633
22 31 322 668 616
44 2 160 603 637
47 15 140 706 700
34 44 530 592 651
17 46 342 685 590
10 3 767 625 579
35 11 754 625 582
38 16 314 591 607
25 13 729 587 658
4 1 856 626 588
29 9 422 652 690
32 14 326 705 709
22 40 365 610 692
44 7 623 685 628
30 40 41 620 646
34 45 325 659 701
17 37 278 672 698
23 15 885 648 717
10 12 71 707 581
35 6 340 578 639
38 9 48 690 657
25 20 971 715 597
14 16 254 607 717
1 13 710 702 707
4 10 545 654 633
29 8 377 590 666
32 11 719 656 656
41 3 750 685 711
22 33 727 668 704
8 14 596 647 690
34 38 697 711 675
42 38 547 576 580
23 2 558 615 618
10 13 860 715 674
25 27 281 646 696
14 9 342 703 698
1 4 2 588 669
39 17 861 695 119
4 15 260 612 650
41 10 179 707 668
22 42 765 600 584
27 37 582 601 585
8 11 502 591 658
47 36 324 712 615
23 25 156 619 610
45 14 98 613 600
46 43 26 677 693
14 2 776 674 586
39 12 135 703 599
26 7 939 595 672
15 33 998 629 702
8 4 865 584 602
47 43 341 594 618
17 10 645 704 627
20 5 205 591 702
23 20 639 587 658
45 5 535 594 608
38 36 683 635 600
46 36 695 624 618
11 8 652 699 673
39 3 269 667 579
26 16 915 612 647
15 44 583 708 647
5 6 819 638 632
47 46 245 617 671
30 12 93 680 709
17 1 270 665 599
20 14 522 577 674
23 43 988 580 713
45 4 760 602 699
35 42 371 627 657
18 40 207 711 621
38 45 333 579 635
24 10 664 587 653
11 15 300 668 682
39 6 519 578 621
26 17 436 606 640
2 16 462 653 713
5 13 455 652 604
30 5 770 601 702
17 8 690 635 612
42 2 934 719 686
23 46 427 581 579
24 7 872 683 682
11 10 25 712 585
14 45 221 611 596
36 4 4 695 685
26 26 538 689 662
2 1 197 631 590
5 12 704 659 637
42 11 173 632 693
23 37 484 581 578
28 44 901 699 712
31 37 383 614 702
43 44 538 636 600
24 32 475 610 703
46 15 406 643 687
33 14 640 701 678
14 38 969 655 579
36 9 144 696 636
40 13 174 650 637
27 4 607 695 583
16 40 387 626 650
20 33 975 712 587
18 11 75 679 633
21 2 614 654 616
24 21 880 670 586
46 8 135 717 620
33 5 761 591 670
19 44 257 581 658
12 9 907 590 665
15 8 458 604 690
37 17 109 619 105
40 6 456 643 585
27 11 69 692 691
16 45 572 653 651
20 42 750 625 596
6 7 674 711 689
18 4 820 628 696
21 9 184 654 603
24 46 742 720 633
46 1 960 615 514
19 35 996 640 631
39 34 210 700 306
12 2 137 714 706
15 15 269 684 618
40 3 62 614 672
27 22 202 619 681
3 11 852 583 707
25 36 931 720 696
6 16 894 720 635
18 5 449 599 690
21 24 138 675 579
43 5 810 684 698
24 43 328 648 678
19 30 472 693 409
12 7 142 652 691
37 7 751 675 637
27 29 686 664 608
3 6 408 644 581
25 43 97 645 631
6 9 876 667 669
31 1 793 632 504
21 31 164 606 673
43 16 236 610 683
24 36 92 601 712
33 42 79 713 646
32 36 143 597 603
36 37 447 666 586
44 37 119 610 720
9 3 81 672 707
34 15 481 690 697
37 14 499 594 657
28 13 622 692 690
31 12 126 627 677
21 38 32 612 621
7 17 984 587 115
29 38 870 581 634
32 41 189 617 645
36 46 52 601 683
19 16 140 609 694
22 3 736 660 686
9 10 407 595 672
34 8 316 694 628
40 42 476 708 581
13 14 886 683 710
16 1 538 703 523
28 6 445 591 603
21 45 284 610 662
7 12 779 673 635
33 40 916 628 646
19 7 375 693 663
41 40 857 621 588
22 12 860 691 689
40 39 276 690 713
13 5 25 657 682
16 10 140 586 703
21 44 42 664 622
26 33 732 637 639
7 3 112 669 620
19 2 254 626 645
22 21 207 658 697
44 12 402 660 580
47 5 584 617 716
45 43 460 648 619
13 4 845 660 699
38 6 632 651 618
25 7 495 662 637
26 42 484 651 580
7 6 874 638 641
32 8 130 634 680
22 30 312 617 600
44 1 744 623 569
47 16 322 710 679
30 46 496 593 579
34 43 728 715 596
37 34 743 648 316
45 34 644 682 297
10 2 516 619 700
35 12 172 579 585
16 32 81 622 604
38 15 634 655 645
25 14 244 699 696
4 4 89 640 653
29 10 470 716 582
32 13 952 643 698
22 39 549 715 609
30 39 474 677 672
34 36 913 698 611
17 38 344 610 681
37 41 347 610 600
42 36 424 688 669
23 16 109 702 611
10 11 318 708 692
35 3 325 717 661
25 21 375 616 623
14 15 453 670 599
1 14 626 692 662
4 9 198 601 586
29 1 581 671 591
41 4 539 681 704
8 13 402 717 631
34 37 564 645 696
42 37 285 624 607
23 7 291 587 591
25 28 557 610 626
14 8 301 624 634
1 5 692 667 699
41 11 763 679 671
22 41 796 711 641
5 17 8 593 99
27 38 152 670 619
8 6 244 591 624
42 46 183 584 704
23 26 420 612 702
45 15 479 706 693
46 42 852 584 701
14 1 786 612 578
39 9 124 593 640
26 6 433 627 582
15 34 868 608 576
27 45 844 675 610
8 3 111 602 628
47 44 957 630 689
17 11 373 601 581
20 8 52 712 613
23 17 756 669 689
45 6 533 627 708
18 46 716 686 698
38 35 75 693 684
46 35 947 640 681
11 5 884 706 633
39 4 657 660 595
26 15 180 637 620
15 41 639 623 578
5 7 560 611 678
30 11 748 601 679
17 2 310 590 580
20 13 895 603 717
23 44 59 699 658
35 39 365 703 580
18 39 732 690 657
38 44 860 583 631
43 39 630 595 679
24 9 946 576 608
11 16 989 595 583
26 24 485 598 598
2 15 7 656 598
5 14 876 635 615
30 4 949 591 720
42 1 910 613 515
23 35 791 701 626
31 35 882 608 684
35 34 28 599 338
18 32 818 704 626
43 34 737 686 302
24 2 863 626 601
14 44 626 709 671
36 3 584 639 591
26 25 983 690 653
2 8 600 671 653
42 10 654 685 703
23 38 592 659 668
28 43 719 691 584
31 38 856 650 694
18 17 42 622 104
43 41 960 672 639
24 31 263 641 720
46 14 413 651 692
33 15 743 687 589
14 37 925 710 578
36 12 756 674 631
40 16 277 626 680
27 1 326 641 556
16 39 309 632 701
20 36 453 713 650
28 36 205 632 666
31 45 387 672 706
18 10 738 634 700
21 3 894 687 609
24 24 613 688 662
46 7 678 632 589
33 6 619 658 673
19 41 436 656 668
12 12 493 634 699
15 5 152 662 699
40 5 516 585 647
27 12 533 668 648
20 41 523 695 675
6 6 958 638 673
18 3 89 693 626
21 10 346 654 680
24 45 1 685 608
19 36 293 686 613
39 39 275 712 696
44 42 837 582 645
12 1 211 692 597
15 16 313 579 704
27 19 51 718 587
3 12 33 609 717
25 37 516 720 706
6 15 33 642 647
21 17 319 647 626
43 6 353 582 589
24 38 368 598 636
32 38 516 707 626
37 8 804 596 583
27 30 912 615 644
3 3 576 699 718
25 44 583 708 708
31 2 382 629 633
21 32 689 601 587
43 13 36 637 593
24 35 498 583 638
33 43 777 717 660
32 35 617 689 605
36 40 289 642 669
44 40 192 642 704
9 4 805 579 662
34 14 186 703 585
37 15 6 601 636
28 16 625 649 643
31 9 415 662 675
21 39 142 657 613
29 39 553 650 686
33 34 802 679 348
32 44 983 648 599
36 45 504 657 611
19 13 109 656 653
41 34 608 597 326
22 2 759 718 677
9 11 165 700 578
34 7 958 640 622
40 41 90 603 654
13 15 523 693 658
16 4 511 592 636
28 5 230 681 580
21 46 18 614 628
7 9 719 599 637
32 17 881 637 97
19 8 638 597 681
41 41 88 646 617
22 11 141 648 613
47 3 801 706 696
40 34 761 703 335
45 45 867 602 628
13 6 1 638 651
16 9 890 649 605
25 1 934 592 512
26 40 926 623 648
7 4 432 649 627
22 20 190 686 697
44 11 444 602 683
47 6 314 644 658
34 17 309 602 117
17 41 178 630 718
45 44 790 674 678
38 5 481 644 604
25 8 293 598 714
26 41 732 690 631
12
4 4
1124 4
1124 404
644 404
644 804
1124 804
1124 1104
324 1104
324 704
484 704
484 404
4 404
