50
1 3142 2 3149 3 3867 4 3320 5 1717 6 1624 7 1063 8 3804 9 3928 10 4341 11 3778 12 3604 13 3719 14 3875 15 3960 16 3894 17 3514 18 3551 19 3976 20 3852 21 3675 22 993 23 1274 24 3592 25 5667 26 6249 27 6677 28 5678 29 7225 30 7910 31 7561 32 7657 33 1481 34 6886 35 9212 36 6525 37 10859 38 6114 39 9366 40 7540 41 5957 42 6898 43 4906 44 10048 45 4453 46 1128 47 1132 48 2171 49 1651 50 7152 
1 10762 2 11450 3 9606 4 9110 5 10023 6 10129 7 8138 8 9812 9 10790 10 1971 11 1158 12 1212 13 1256 14 1126 15 2064 16 2867 17 2751 18 2758 19 2837 20 1647 21 6920 22 6726 23 2920 24 5790 25 3049 26 11193 27 5205 28 4701 29 4724 30 9428 31 7264 32 4464 33 4931 34 1164 35 1132 36 10549 37 11420 38 8357 39 9737 40 7273 41 4644 42 4562 43 6376 44 2133 45 5668 46 1089 47 10875 48 9204 49 10668 50 5665 
325
8 4 823 461 508
7 10 201 485 47
26 20 730 472 300
13 2 497 442 453
26 17 973 492 482
17 7 903 461 474
17 10 174 465 43
15 5 927 479 529
14 5 715 508 525
31 7 561 487 506
20 5 22 551 512
19 5 484 538 487
1 8 859 293 210
16 2 17 506 453
22 10 604 476 51
21 8 812 499 503
27 15 43 531 182
26 2 875 498 454
4 8 134 503 244
3 6 255 442 415
27 7 238 455 494
9 6 769 449 533
24 8 816 514 238
6 9 409 538 443
5 1 230 375 306
29 6 375 486 534
11 9 380 541 531
10 1 396 515 543
17 4 239 535 522
7 8 556 488 243
31 1 177 527 499
30 9 530 478 463
12 6 188 477 449
11 8 835 498 449
8 7 737 480 449
18 8 595 448 444
13 7 791 543 485
18 3 35 532 507
25 15 973 517 476
15 2 176 458 477
14 8 888 473 533
21 10 434 522 44
20 4 195 520 493
19 10 966 515 43
1 5 365 451 482
16 5 419 521 523
21 5 455 514 477
2 2 855 468 523
30 18 475 452 519
4 3 903 539 539
28 2 452 493 465
9 3 827 502 499
31 15 329 488 453
5 6 440 486 401
29 11 281 540 525
10 4 514 530 527
25 6 377 474 385
30 12 295 477 508
12 1 662 527 480
27 17 77 528 549
8 6 532 456 487
31 17 898 540 452
17 6 940 519 457
15 3 976 508 524
27 19 645 510 460
1 2 564 518 482
29 18 879 471 528
27 2 953 458 454
25 18 194 482 476
29 15 431 498 450
4 2 767 532 505
10 10 653 501 50
24 10 334 525 42
31 12 743 461 533
30 2 71 458 479
29 16 860 527 491
28 18 105 482 542
30 15 477 544 480
8 9 532 528 474
15 9 624 518 444
14 1 574 494 506
13 9 319 526 456
20 9 175 539 547
19 1 963 477 550
17 1 539 501 499
25 9 71 544 448
31 9 610 496 472
21 4 831 485 487
26 6 821 490 412
3 2 937 516 537
27 3 205 542 476
9 10 725 545 52
24 4 792 447 482
23 10 355 508 47
29 2 512 506 523
10 5 278 451 489
28 15 595 442 147
31 5 597 497 534
30 5 243 525 540
29 13 389 445 517
11 4 304 499 497
28 3 301 513 531
8 3 283 515 538
13 3 411 477 441
18 7 473 537 506
25 19 496 454 466
15 6 632 485 454
14 4 827 510 534
20 8 524 541 530
19 6 595 482 485
17 5 56 514 520
16 1 483 540 534
25 4 817 510 446
22 9 882 547 515
21 1 296 511 481
28 17 451 550 470
2 6 348 485 406
26 1 474 433 282
23 8 576 482 256
31 14 49 538 464
3 3 807 504 474
27 8 709 524 472
9 7 262 507 503
29 7 62 484 545
11 10 723 472 50
10 8 510 489 541
31 2 96 541 511
30 8 989 550 459
12 5 331 461 507
11 5 463 442 513
8 2 735 465 496
13 8 803 538 477
12 10 250 472 44
18 2 330 476 469
25 16 589 457 506
15 7 174 526 540
14 7 451 504 480
26 3 47 444 463
20 3 803 443 478
19 7 800 442 528
1 6 695 280 445
16 8 330 477 470
21 6 345 457 534
2 1 649 502 484
1 9 21 508 442
30 17 192 508 475
4 6 570 453 415
3 8 506 473 231
9 4 251 516 503
24 6 732 541 514
26 15 82 485 183
29 12 483 451 546
10 3 68 520 507
6 8 990 515 229
30 11 261 532 536
12 4 285 491 483
28 7 544 538 483
28 4 28 445 506
8 5 895 499 485
31 18 599 465 475
13 5 795 538 527
16 10 95 517 43
15 4 272 497 447
14 10 100 447 48
20 2 671 463 541
27 20 801 502 282
1 3 355 509 501
25 3 712 539 503
29 19 527 547 542
2 4 386 471 467
5 9 165 503 549
4 1 802 533 516
3 9 376 515 519
10 9 437 473 537
9 1 357 458 455
24 9 461 542 482
18 9 415 483 529
30 1 373 547 459
29 9 274 445 448
30 20 524 445 265
30 14 775 445 524
31 3 149 530 511
15 10 464 501 44
31 19 797 534 532
13 10 188 477 42
19 2 460 461 547
25 10 942 484 43
26 4 21 449 548
26 5 434 503 497
27 4 898 527 551
24 3 251 523 442
29 3 709 442 466
6 1 942 534 304
30 4 214 489 450
29 14 844 522 448
11 1 409 472 468
28 1 139 463 316
13 4 799 527 457
18 6 894 545 518
25 20 708 523 478
14 3 421 444 506
27 18 207 473 524
20 7 848 541 544
19 3 793 495 530
26 19 176 535 492
16 4 482 519 494
26 16 425 505 453
21 2 167 480 540
28 6 834 541 484
2 5 380 547 529
17 3 663 447 501
25 2 992 498 478
4 10 189 527 42
3 4 760 448 534
2 10 901 447 50
9 8 409 446 520
24 2 956 508 495
25 5 960 451 474
31 16 818 529 459
29 8 641 496 464
28 10 758 543 45
10 7 975 441 536
26 18 123 460 542
30 7 891 467 451
12 8 98 489 535
11 6 504 538 445
8 1 492 495 535
7 9 951 543 539
13 1 776 513 467
12 9 12 542 480
18 1 7 539 505
17 9 918 442 510
15 8 832 504 444
14 6 973 503 471
20 6 505 445 447
19 8 656 449 468
30 16 845 482 543
16 7 671 547 500
21 7 319 443 536
2 8 701 452 231
1 10 984 500 46
27 5 462 549 455
22 8 417 352 257
4 5 538 469 482
3 5 875 542 518
9 5 609 538 454
24 5 826 532 461
6 10 315 503 51
5 8 822 535 220
29 5 862 469 536
10 2 43 497 506
31 4 193 447 493
30 10 930 466 538
12 3 544 490 484
11 7 3 478 502
8 8 877 446 494
13 6 943 531 534
18 4 309 497 546
16 9 739 502 448
15 1 31 474 536
14 9 566 485 526
21 9 507 520 514
20 1 219 477 513
19 9 388 514 503
1 4 262 448 456
16 6 884 547 487
26 9 139 490 450
29 20 469 522 289
28 16 498 541 446
2 3 473 506 521
17 2 325 465 445
25 1 825 497 484
5 10 132 518 46
4 4 985 525 516
3 10 397 509 47
28 8 5 490 472
9 2 598 443 479
31 10 546 538 518
29 10 819 483 450
27 6 112 516 478
30 13 706 493 442
12 2 570 515 512
17 8 781 506 499
31 6 7 478 512
31 20 202 500 259
27 16 282 454 521
1 1 893 473 461
30 6 284 528 551
29 17 840 494 495
27 1 766 493 334
30 19 507 503 471
29 4 203 470 490
28 20 142 454 275
31 13 283 507 465
31 11 85 445 527
30 3 879 459 462
27 10 366 474 43
11 2 343 545 542
28 5 117 499 460
27 9 88 480 528
25 17 568 544 521
18 5 240 513 484
8 10 747 543 47
14 2 396 489 452
26 8 792 506 225
20 10 822 533 48
19 4 252 480 509
18 10 951 459 45
16 3 783 510 471
21 3 706 518 481
28 19 935 479 495
26 10 358 470 48
4 9 246 444 473
3 1 259 504 498
2 9 165 460 516
9 9 785 509 488
24 1 593 551 541
23 9 916 479 465
29 1 544 471 528
28 9 156 484 512
10 6 607 457 534
31 8 2 473 549
25 8 999 510 245
12 7 36 473 521
11 3 621 546 483
42
8 8
-12 8
-12 -92
8 -92
8 -192
88 -192
88 -92
108 -92
108 8
88 8
88 108
8 108
8 158
148 158
148 -442
228 -442
228 -542
368 -542
368 -442
448 -442
448 158
548 158
548 108
488 108
488 -92
528 -92
528 8
588 8
588 -192
528 -192
528 -342
728 -342
728 -192
648 -192
648 408
508 408
508 308
588 308
588 208
-12 208
-12 58
8 58
