50
1 16697 2 585 3 581 4 494 5 7587 6 7994 7 8136 8 7743 9 11735 10 11507 11 10848 12 11402 13 11387 14 12293 15 11454 16 11595 17 12485 18 2958 19 3407 20 2661 21 3170 22 3228 23 9016 24 7707 25 8964 26 8627 27 7880 28 8074 29 14501 30 13197 31 14627 32 14308 33 13259 34 15270 35 15658 36 15635 37 16799 38 16356 39 14375 40 15298 41 16949 42 8913 43 5209 44 15817 45 11366 46 4544 47 11268 48 2276 49 1636 50 7066 
1 14586 2 13303 3 14971 4 13999 5 13539 6 14682 7 9571 8 7537 9 8866 10 7217 11 10180 12 8789 13 9556 14 12487 15 14427 16 13836 17 14483 18 14196 19 14797 20 12548 21 13046 22 13024 23 14629 24 13424 25 15459 26 7495 27 6093 28 5320 29 6033 30 6795 31 6129 32 5485 33 6521 34 6891 35 5386 36 4141 37 486 38 575 39 528 40 9059 41 2828 42 9674 43 8777 44 12781 45 4667 46 4940 47 7696 48 921 49 13884 50 4135 
942
32 7 229 559 152
17 10 111 525 520
41 23 114 556 601
20 5 287 511 557
41 4 351 599 522
8 26 952 601 99
23 20 579 580 570
22 7 412 542 152
37 35 809 517 511
9 6 894 512 529
33 3 940 513 501
38 36 722 515 373
36 16 297 530 591
10 1 977 560 513
34 4 531 589 605
37 9 984 586 550
11 8 905 561 582
35 9 782 565 574
38 14 508 537 534
12 23 136 557 505
36 22 405 592 566
1 18 217 505 600
25 15 992 521 584
15 2 961 574 571
39 3 420 573 603
13 18 108 603 499
37 23 898 559 504
26 16 828 584 509
16 5 140 563 494
40 12 368 600 492
14 21 451 489 492
38 24 725 542 588
30 18 704 595 499
28 2 14 564 587
31 15 657 516 544
32 16 15 573 515
6 25 48 547 505
17 1 322 541 521
7 24 650 597 540
31 17 88 550 551
29 33 464 572 576
8 23 541 598 576
32 22 38 524 553
34 35 410 528 515
24 20 134 524 573
41 36 571 590 516
9 13 101 600 506
33 26 340 540 512
10 10 677 528 554
34 5 492 566 546
39 36 724 593 333
11 15 481 585 563
35 4 749 508 487
9 19 304 569 593
12 16 127 566 569
36 27 283 508 505
10 20 902 543 575
25 22 981 567 543
15 9 738 567 599
39 6 547 565 597
13 9 415 566 509
37 30 400 557 551
26 17 708 539 490
16 14 769 540 593
40 1 920 571 517
14 14 737 569 543
38 17 721 513 596
27 24 521 541 578
1 15 911 573 600
39 32 408 484 584
28 7 428 551 137
40 31 426 506 591
5 13 500 520 531
29 2 353 550 589
1 37 773 523 486
30 5 404 519 484
17 8 564 533 551
7 15 498 530 513
31 28 2 588 518
18 7 549 498 157
8 16 635 541 597
32 19 856 593 506
19 6 228 547 549
35 33 236 531 543
33 17 592 554 553
34 30 246 534 547
24 7 975 497 143
11 10 6 547 582
35 27 420 486 520
9 26 623 534 108
40 36 687 554 357
12 5 567 585 573
36 4 384 530 559
10 21 449 555 543
15 20 552 510 531
13 8 757 579 520
37 5 652 571 520
11 20 624 528 532
26 26 254 536 94
16 11 627 597 548
14 7 495 542 535
38 26 223 525 506
1 6 755 585 547
25 3 658 485 544
39 23 808 507 574
2 1 305 585 319
26 4 879 500 487
40 24 555 533 572
5 12 843 531 589
29 25 377 554 562
6 11 613 583 600
30 30 601 545 509
41 12 86 534 524
31 3 239 593 497
5 18 293 509 570
32 28 631 516 537
6 21 217 594 501
17 21 697 590 603
41 18 696 488 504
20 2 38 501 579
33 24 31 574 576
32 34 683 555 601
36 35 898 590 546
34 23 200 581 504
35 22 636 546 531
9 1 912 571 536
33 14 372 503 455
36 9 622 554 570
34 9 68 561 578
37 4 365 570 586
35 16 122 594 502
16 20 94 580 519
38 3 555 579 570
12 20 658 560 504
27 26 689 484 108
1 29 130 570 596
39 10 922 541 553
13 21 705 579 541
28 21 99 576 504
26 5 522 603 518
40 13 429 562 509
14 26 252 587 104
29 24 375 500 521
27 4 538 490 578
30 23 587 548 583
31 6 776 493 523
5 25 917 527 559
29 14 910 494 442
32 1 30 524 575
41 27 666 524 513
17 12 311 522 494
7 19 914 521 597
20 7 812 512 133
23 18 14 529 588
21 2 551 546 547
24 21 345 599 502
22 5 903 539 492
41 32 836 498 506
9 8 742 567 515
33 5 421 513 524
38 34 906 601 537
10 7 993 595 548
34 2 794 517 492
37 11 83 564 555
11 6 975 579 548
35 7 208 486 499
16 25 273 564 560
38 12 624 488 601
12 9 359 488 539
36 24 8 524 493
1 20 445 544 544
25 17 900 551 493
15 8 989 524 551
39 1 858 491 506
13 20 445 604 595
37 17 806 584 489
26 14 248 601 540
16 7 664 488 536
40 6 458 543 503
14 19 849 536 584
38 22 362 603 571
1 10 595 519 545
39 27 551 552 530
28 4 968 498 593
41 19 712 545 503
29 5 391 527 589
17 3 159 582 541
7 22 385 522 493
31 23 975 572 598
29 35 555 527 575
18 4 605 601 569
8 17 783 571 548
32 24 407 509 604
30 36 527 523 320
34 33 228 570 594
17 25 266 553 489
9 15 784 524 539
33 28 166 535 548
23 3 400 536 516
10 16 379 494 581
34 27 244 539 524
39 34 347 512 556
11 13 210 536 508
35 2 284 487 561
9 21 890 588 589
12 2 345 575 489
36 29 62 586 507
10 18 618 490 559
25 24 557 605 493
15 15 499 595 583
13 11 573 555 563
37 32 240 569 494
11 23 635 605 545
26 23 281 525 485
16 16 726 527 500
40 3 733 530 553
14 12 557 559 484
38 31 322 574 522
27 22 233 572 567
1 1 491 558 570
39 30 552 584 542
28 25 695 600 511
40 25 934 581 515
5 15 949 543 541
29 4 903 512 535
41 11 935 593 495
1 39 917 569 528
6 16 64 560 535
30 3 610 585 600
7 13 162 552 598
31 26 969 599 591
5 21 415 535 505
18 5 100 553 578
8 10 258 510 50
32 29 16 578 525
19 4 975 598 527
31 36 761 560 321
33 19 758 549 488
23 6 918 505 487
34 20 859 557 598
24 1 386 509 535
35 25 295 552 534
12 7 547 535 541
36 6 562 546 505
15 18 634 549 575
13 2 984 570 573
37 7 109 542 550
11 18 754 535 583
16 21 979 507 515
14 5 561 569 524
38 8 683 545 541
1 8 526 561 542
25 5 452 577 491
39 21 869 577 589
28 18 793 524 572
26 2 268 604 522
40 18 170 598 563
29 27 55 547 530
27 7 413 497 141
33 36 857 582 338
30 28 396 520 551
41 14 343 540 590
31 1 466 587 538
5 20 492 495 514
32 6 708 502 507
6 19 559 554 487
17 23 517 582 534
7 26 440 487 105
20 4 237 518 563
32 36 872 539 366
21 5 397 548 602
34 21 244 584 523
24 26 555 579 100
35 20 785 533 589
9 3 463 566 562
33 16 535 596 506
36 11 45 531 513
10 4 42 603 530
34 15 153 557 518
15 25 701 538 573
37 14 545 557 510
11 25 147 531 512
35 14 392 580 588
38 1 648 603 518
12 22 235 583 529
36 17 700 571 540
1 31 746 549 558
15 3 499 547 562
39 16 483 562 599
13 23 405 490 575
28 23 876 544 520
40 15 966 484 499
14 24 466 549 604
29 18 463 501 585
27 2 674 500 584
30 21 622 573 536
29 16 423 538 563
32 3 234 564 559
30 15 537 489 509
17 14 33 537 587
7 17 46 541 487
8 22 229 594 584
23 24 618 512 492
21 4 511 556 530
24 23 568 511 491
41 33 237 536 488
22 3 312 565 578
9 10 617 551 589
33 7 290 602 138
10 5 950 509 486
34 8 536 497 598
11 4 438 528 567
35 5 972 496 597
38 10 449 530 569
12 11 563 508 521
36 26 810 534 503
1 22 310 531 581
25 19 618 518 518
15 6 29 599 518
39 7 416 533 599
13 14 616 548 502
37 19 760 535 579
26 20 933 546 544
16 1 293 570 500
40 8 941 543 598
14 17 555 512 530
38 20 451 489 554
1 12 858 575 560
39 25 443 539 561
28 6 979 584 506
40 30 60 568 587
29 7 834 527 164
1 34 800 574 572
33 34 720 584 558
17 5 186 497 587
7 12 795 513 540
31 21 741 574 587
18 2 509 596 543
8 19 923 514 502
32 18 939 502 600
30 34 841 548 569
19 7 459 514 158
33 30 936 541 543
23 1 676 497 485
10 14 90 562 567
34 25 109 582 510
24 6 712 505 573
11 11 357 484 537
35 32 365 587 486
9 23 920 572 527
12 4 792 503 594
36 31 657 564 535
10 24 975 499 491
25 26 140 504 91
15 13 495 598 506
13 5 839 540 559
37 26 944 590 566
11 21 737 569 520
26 21 506 501 521
16 10 940 533 582
14 10 242 500 485
38 29 964 507 570
12 26 147 555 90
27 20 120 548 562
1 3 289 593 579
39 20 588 489 543
40 27 884 503 555
29 30 136 537 578
6 14 571 576 599
30 1 502 541 547
41 9 620 602 579
31 32 384 565 494
5 23 447 505 549
41 7 283 603 495
8 12 829 568 516
32 31 250 544 567
6 24 653 492 515
19 2 524 491 528
17 18 907 581 510
31 34 43 507 596
33 21 948 519 595
36 34 593 556 509
34 18 130 516 515
24 3 5 520 509
35 23 994 508 489
33 33 929 583 502
36 8 57 535 522
10 25 929 487 496
34 12 196 531 595
15 24 427 571 531
13 4 915 486 586
37 1 539 604 527
41 26 832 568 536
16 23 487 490 485
14 3 418 573 523
38 6 543 550 499
1 26 637 588 579
25 7 761 557 158
39 11 764 598 594
13 26 272 604 93
28 20 624 556 506
40 20 533 539 592
29 21 596 597 587
27 5 802 593 520
30 26 130 565 586
41 16 811 540 578
31 7 843 526 148
8 1 580 549 341
6 17 414 572 578
17 9 581 503 564
41 22 107 524 600
20 6 183 578 510
23 19 240 531 526
21 7 464 604 149
37 34 873 501 507
35 18 607 560 583
9 5 991 489 549
33 2 599 567 599
36 13 940 553 501
10 2 632 493 527
34 13 449 536 601
37 16 969 509 572
11 7 374 563 490
35 12 335 602 490
38 15 70 584 518
12 24 191 504 485
36 19 103 579 556
1 17 462 553 509
25 14 84 540 477
15 1 29 590 583
39 14 518 570 561
13 17 413 551 553
37 22 400 563 577
16 6 744 562 582
40 9 693 578 505
14 22 218 517 493
29 20 343 573 512
27 16 892 553 573
30 19 795 518 577
28 15 389 571 589
6 26 994 498 106
17 16 137 548 547
7 23 331 548 604
31 20 640 493 588
41 5 34 579 576
8 24 155 554 538
23 22 178 533 498
34 36 19 557 320
24 17 397 530 519
41 35 356 492 498
22 1 548 484 518
9 12 748 549 504
33 25 322 553 511
23 16 200 603 520
10 11 144 587 522
34 6 176 489 539
24 15 47 530 514
39 35 155 494 537
11 2 536 567 523
35 3 58 593 548
9 18 502 531 493
12 13 460 487 497
36 28 10 552 546
1 24 875 489 490
25 21 740 512 593
15 12 280 576 593
39 5 923 514 584
13 16 372 544 563
37 29 38 522 508
26 18 610 532 584
16 3 801 512 484
40 2 182 593 564
14 15 544 576 507
38 18 920 486 575
27 23 446 501 551
1 14 130 508 526
39 31 731 555 543
40 32 989 559 566
29 1 518 587 603
1 36 176 533 546
30 6 973 498 507
17 7 247 527 553
7 10 193 525 48
31 27 361 596 544
8 13 659 533 549
32 20 145 505 484
19 5 493 571 592
35 36 966 524 384
33 32 116 589 547
23 7 288 561 155
34 31 370 595 579
11 9 516 572 592
35 30 358 534 583
9 25 172 548 556
40 33 736 573 567
12 6 758 584 587
36 1 807 578 520
10 22 613 580 516
15 19 595 572 545
13 7 271 494 555
37 28 287 566 499
11 19 198 574 604
16 12 211 525 516
14 8 178 555 592
38 27 299 547 530
27 18 178 597 525
1 5 91 497 550
25 2 249 565 600
39 18 445 590 555
40 21 912 503 585
5 11 562 553 518
29 32 343 504 530
6 12 237 568 498
30 31 749 581 540
7 1 215 548 363
31 30 142 590 553
5 17 103 530 547
41 31 41 493 510
32 25 7 559 541
6 22 353 534 528
17 20 858 513 490
41 17 747 557 497
33 23 265 487 492
23 26 19 458 109
36 36 434 604 348
34 24 747 559 495
35 21 337 496 564
36 10 230 500 494
34 10 804 571 552
15 22 379 512 583
37 3 674 561 544
35 15 715 503 541
16 17 512 561 540
14 1 866 557 489
38 4 300 573 521
12 17 505 488 602
27 25 191 530 594
1 28 182 519 572
39 9 68 533 581
28 22 637 526 535
26 6 775 593 555
40 14 445 605 532
29 23 606 571 533
27 3 147 511 605
30 24 437 592 502
31 5 372 558 520
32 2 189 539 593
17 11 125 575 545
41 24 840 489 530
8 25 305 573 491
23 17 337 601 541
21 1 423 532 557
24 22 5 568 590
22 6 410 487 508
37 36 607 582 319
9 7 995 594 571
33 4 555 524 550
38 35 409 517 543
36 15 720 561 580
10 8 255 513 568
34 3 579 580 572
37 10 385 550 506
11 5 489 502 506
35 10 884 546 540
16 26 175 486 88
38 13 102 600 535
12 10 451 508 528
36 21 506 596 529
1 19 144 504 504
25 16 618 541 550
15 7 193 497 493
39 4 845 507 533
13 19 853 574 522
37 24 869 583 510
26 15 876 530 500
16 8 45 571 541
40 11 388 569 487
14 20 990 583 560
38 23 18 584 587
27 14 21 525 535
1 9 659 511 498
30 17 596 524 532
28 1 848 484 546
31 16 425 600 593
32 15 810 569 549
17 2 913 598 550
7 21 681 575 512
31 18 180 544 490
29 34 35 504 493
8 18 774 540 519
32 21 385 534 569
34 34 510 527 563
24 19 114 566 533
41 1 898 534 521
9 14 749 493 519
33 27 347 510 514
23 14 413 456 476
10 9 658 522 549
34 28 492 497 539
39 33 46 533 602
11 16 957 521 593
35 1 402 587 508
9 20 193 527 500
12 15 838 573 526
36 30 966 542 503
10 19 513 498 495
25 23 864 523 541
15 10 17 595 491
13 10 76 569 488
37 31 177 500 506
26 24 261 498 532
16 13 974 530 488
40 4 57 594 590
14 13 691 498 532
38 32 74 491 562
27 21 723 534 485
1 16 390 506 559
39 29 2 515 512
28 26 975 553 93
41 20 291 568 562
40 26 604 504 496
5 14 45 532 508
29 3 145 575 568
1 38 227 550 575
6 1 253 592 378
30 4 372 585 548
7 16 980 510 497
31 25 568 552 517
18 6 440 521 538
8 15 697 489 524
32 30 138 528 597
19 3 791 510 515
31 35 739 599 528
35 34 208 510 528
33 18 400 534 590
23 5 178 570 549
34 29 291 510 595
24 2 369 588 526
35 28 673 533 586
40 35 743 574 601
12 8 745 484 514
36 3 584 523 490
15 17 831 601 580
13 1 699 545 557
37 6 197 491 526
11 17 653 596 525
26 25 670 595 554
16 22 590 536 577
14 6 814 558 496
38 25 871 516 517
1 7 934 534 526
25 4 795 590 513
39 24 476 513 489
26 3 380 556 580
40 23 680 601 511
29 26 798 550 504
6 10 784 497 47
30 29 27 525 583
41 13 575 569 572
31 4 388 484 532
5 19 398 570 572
32 27 638 602 547
6 20 842 548 525
17 22 163 526 534
7 25 970 564 577
20 1 715 532 492
32 33 552 503 512
34 22 318 518 569
35 19 189 523 564
9 2 232 580 526
33 15 659 605 579
36 12 485 593 574
34 16 230 537 604
37 13 527 591 582
35 13 993 587 597
16 19 581 558 594
38 2 713 542 519
12 19 897 596 567
36 18 34 530 562
1 30 703 501 503
39 15 480 509 505
13 22 137 599 538
28 24 846 532 508
40 16 936 536 599
14 25 499 489 512
29 17 802 501 550
41 28 736 591 501
27 1 863 499 524
30 22 143 525 544
28 14 280 599 481
5 26 157 500 104
29 15 823 549 596
32 4 333 548 500
30 16 905 534 604
28 36 802 204 318
17 13 421 491 523
7 20 133 530 517
23 23 509 488 491
21 3 421 529 505
24 24 173 570 513
22 4 95 525 592
9 9 625 588 559
33 6 758 605 533
38 33 234 571 527
10 6 217 499 535
34 1 455 505 488
24 14 766 533 445
37 12 828 496 573
11 3 906 544 489
35 8 919 590 533
41 30 629 492 579
38 11 799 548 563
12 12 478 603 544
36 23 368 569 546
1 21 654 518 484
25 18 47 495 525
15 5 841 540 552
39 2 426 505 500
13 13 74 526 596
37 18 746 492 512
16 2 175 576 512
40 5 28 499 560
14 18 250 570 579
38 21 738 580 487
1 11 356 600 535
39 28 805 493 503
28 3 420 537 600
31 14 652 600 543
5 1 872 551 341
29 6 396 532 496
1 33 523 504 498
17 4 618 600 503
7 11 807 542 519
31 24 366 502 520
29 36 416 500 322
18 3 944 542 526
8 20 89 538 511
32 23 237 508 590
30 35 762 496 583
17 26 554 546 595
9 16 988 603 489
33 29 544 587 569
23 4 488 576 515
10 15 496 542 509
34 26 168 594 499
11 14 539 556 573
35 31 513 486 524
9 22 630 600 566
12 1 505 604 580
36 32 41 535 576
10 17 280 549 499
25 25 412 596 579
15 16 510 563 546
41 29 697 511 522
13 12 694 524 553
37 25 418 570 498
11 24 998 501 498
26 22 808 505 594
16 15 510 494 530
14 11 989 542 561
38 30 547 578 528
27 19 847 605 579
1 2 287 574 604
39 19 837 583 579
40 28 645 570 596
5 16 843 539 593
29 29 600 604 548
33 35 385 572 602
6 15 732 496 580
30 2 769 523 521
7 14 619 596 562
31 31 530 518 551
5 22 749 491 539
32 32 214 546 529
19 1 988 557 505
17 17 756 530 595
31 33 321 585 531
33 20 114 504 501
34 19 356 590 597
24 4 203 539 501
35 26 828 530 519
36 5 250 593 569
10 26 279 489 101
15 23 205 565 567
13 3 776 568 596
37 8 599 545 572
16 24 138 558 526
14 4 97 566 562
38 7 959 505 541
1 25 669 593 495
25 6 326 602 597
39 22 2 521 571
13 25 509 494 513
28 17 543 550 592
26 1 912 596 599
40 17 993 504 590
29 28 487 565 532
30 27 818 580 575
41 15 474 567 517
31 2 919 524 494
41 8 988 514 557
32 5 739 595 554
6 18 369 545 562
17 24 646 524 517
41 21 719 556 572
20 3 824 560 546
32 35 107 577 507
21 6 826 545 547
24 25 850 508 551
37 33 782 600 498
35 17 683 579 585
9 4 953 544 545
33 1 945 539 583
36 14 186 511 525
10 3 345 570 574
34 14 738 553 484
15 26 357 579 99
37 15 497 506 517
11 26 136 513 108
35 11 768 507 595
38 16 379 600 594
12 21 348 548 539
36 20 36 545 491
1 32 821 496 489
15 4 157 582 541
39 13 515 577 572
13 24 745 522 570
37 21 631 588 567
40 10 72 506 554
14 23 484 526 601
29 19 147 569 573
27 15 355 598 509
30 20 992 520 521
4 1 879 494 367
28 16 541 592 536
41 2 87 561 515
32 14 260 526 501
30 14 609 586 507
17 15 638 577 594
7 18 39 595 534
31 19 984 564 560
8 21 130 509 511
23 21 114 537 570
24 18 222 566 595
41 34 1000 596 540
22 2 906 495 578
9 11 619 495 510
23 15 654 575 564
10 12 376 497 554
34 7 369 564 161
24 16 48 507 602
11 1 322 605 557
35 6 622 564 583
9 17 682 590 541
38 9 689 572 592
12 14 356 508 517
36 25 540 512 564
1 23 95 530 592
25 20 613 596 601
15 11 347 591 555
39 8 669 544 531
13 15 321 597 488
37 20 684 555 543
26 19 590 533 542
16 4 388 579 511
40 7 402 527 496
14 16 470 536 576
38 19 194 555 536
1 13 647 514 487
39 26 283 578 546
28 5 714 526 577
40 29 941 513 568
1 35 934 574 525
30 7 674 486 149
17 6 675 576 555
41 3 551 588 522
31 22 493 541 578
41 6 792 535 490
18 1 211 535 554
8 14 305 494 547
32 17 630 596 515
30 33 638 495 536
35 35 816 599 558
33 31 968 486 581
23 2 768 520 585
10 13 420 596 545
34 32 566 554 571
24 5 995 538 590
11 12 11 514 494
35 29 273 548 555
9 24 482 510 499
40 34 18 597 579
12 3 412 552 509
36 2 66 604 547
10 23 862 561 522
15 14 748 562 528
13 6 820 497 506
37 27 616 539 495
11 22 16 492 575
41 25 860 537 583
16 9 654 536 569
14 9 34 497 512
38 28 503 513 486
12 25 667 529 519
27 17 232 531 524
1 4 39 547 545
25 1 992 549 582
39 17 310 587 541
40 22 631 563 553
5 10 714 507 53
29 31 745 573 520
6 13 267 514 498
30 32 701 550 599
41 10 727 543 599
31 29 903 575 541
5 24 105 516 570
8 11 882 592 561
32 26 181 495 495
6 23 90 494 557
17 19 712 544 505
33 22 915 548 517
23 25 399 575 497
36 33 606 508 527
34 17 205 595 596
35 24 737 533 602
36 7 543 560 499
34 11 182 507 551
15 21 304 599 585
37 2 683 576 515
16 18 538 598 485
14 2 652 599 549
38 5 35 506 567
12 18 507 512 540
1 27 56 563 590
39 12 407 531 521
28 19 89 550 536
26 7 823 519 143
40 19 11 600 529
29 22 815 513 573
3 1 907 581 335
27 6 864 565 571
30 25 946 496 515
18
8 8
168 8
168 218
88 218
88 568
368 568
368 148
728 148
728 288
488 288
488 568
608 568
608 778
888 778
888 -132
-72 -132
-72 848
8 848
