50
1 36339 2 1339 3 1163 4 1551 5 20446 6 17145 7 19247 8 24223 9 25416 10 26864 11 27304 12 30091 13 26174 14 28698 15 25011 16 25792 17 26471 18 7271 19 6792 20 7445 21 6053 22 6949 23 18356 24 23022 25 20749 26 21074 27 19572 28 27722 29 31399 30 33823 31 33702 32 26557 33 33525 34 33242 35 34985 36 35596 37 36205 38 40490 39 36991 40 40275 41 38235 42 4370 43 13293 44 27847 45 34903 46 38211 47 37749 48 8807 49 21318 50 3032 
1 38408 2 32043 3 37729 4 33650 5 37257 6 34973 7 19380 8 18386 9 20173 10 17927 11 23847 12 20418 13 24192 14 27834 15 28431 16 31085 17 34221 18 34670 19 29517 20 36518 21 33418 22 35773 23 31260 24 32430 25 30498 26 29137 27 18297 28 15081 29 13593 30 13356 31 14576 32 14655 33 15224 34 15942 35 13677 36 13776 37 3837 38 1268 39 1109 40 1302 41 1090 42 31341 43 3517 44 11545 45 13802 46 23249 47 36800 48 13330 49 38855 50 2400 
994
8 4 438 1312 1289
32 7 785 1150 209
17 10 390 1283 1106
41 23 273 1250 1135
20 5 780 1156 1119
8 26 817 1235 1288
23 20 944 1158 1134
24 27 590 1128 201
22 7 105 1254 221
37 35 179 1287 1149
9 6 547 1257 1169
33 3 505 1267 1341
38 36 850 1197 1163
36 16 229 1204 1229
10 1 625 1270 1236
34 4 550 1128 1155
37 9 503 1241 1293
11 8 752 1220 1168
35 9 60 1173 1352
38 14 992 1166 1173
12 23 742 1207 1330
36 22 479 1138 1135
1 18 643 1224 1314
25 15 985 1110 1104
15 2 713 1264 1323
39 3 489 1341 1274
13 18 979 1184 1094
37 23 30 1284 1119
26 16 882 1147 1347
16 5 707 1351 1292
40 12 591 1292 1132
14 21 333 1262 1265
38 24 158 1351 1206
30 18 537 1210 1180
28 2 417 1096 1139
31 15 590 1277 1290
32 16 424 1156 1292
6 25 995 1333 1231
17 1 325 1342 1120
7 24 96 1239 1148
31 17 758 1136 1105
29 33 604 1308 1142
8 23 848 1241 1316
32 22 1000 1335 1324
34 35 372 1163 1292
24 20 857 1115 1103
41 36 582 1219 1321
9 13 593 1185 1112
33 26 883 1259 1357
10 10 257 1162 1356
34 5 63 1315 1171
39 36 600 1243 1250
11 15 361 1267 1177
35 4 675 1228 1197
9 19 103 1245 1263
12 16 936 1331 1136
36 27 445 1249 1360
10 20 412 1115 1170
25 22 259 1235 1290
15 9 662 1319 1210
39 6 189 1329 1271
13 9 794 1342 1297
37 30 746 1358 1335
26 17 819 1352 1212
16 14 331 1269 1136
40 1 726 1210 1286
14 14 947 1148 1098
38 17 963 1155 1308
27 24 113 1296 1174
1 15 747 1135 1239
39 32 254 1317 1311
28 7 224 1342 205
40 31 897 1262 1235
5 13 116 1333 1342
29 2 29 1308 1186
1 37 188 1221 1312
30 5 897 1236 1273
17 8 529 1103 1356
7 15 184 1310 1332
31 28 297 1133 1158
18 7 729 1301 211
8 16 838 1253 1231
32 19 902 1107 1279
19 6 798 1303 1307
35 33 583 1100 1097
33 17 442 1104 1271
34 30 301 1287 1186
24 7 808 1147 200
11 10 264 1256 1344
35 27 934 1095 1285
9 26 865 1172 1140
40 36 750 1337 1305
12 5 614 1361 1183
36 4 955 1239 1349
10 21 670 1324 1133
15 20 131 1197 1327
13 8 155 1129 1262
37 5 654 1161 1351
11 20 54 1102 1121
26 26 494 1285 1223
16 11 787 1203 1293
14 7 425 1319 1286
38 26 574 1116 1110
12 27 435 1319 200
1 6 219 1333 1294
25 3 558 1128 1238
39 23 48 1225 1274
28 32 705 1304 1100
2 1 638 1339 1128
26 4 753 1266 1243
40 24 450 1239 1136
5 12 302 1343 1236
29 25 463 1280 1296
6 11 337 1222 979
30 30 973 1235 1135
41 12 424 1361 1355
31 3 859 1089 1247
5 18 393 1295 1279
8 5 898 1104 1223
32 28 140 1344 1095
6 21 546 1140 1199
17 21 101 1115 1107
41 18 9 1093 1098
31 37 911 1316 204
20 2 907 1251 1304
33 24 756 1271 1234
32 34 260 1228 1298
36 35 574 1242 1172
34 23 823 1133 1347
35 22 857 1157 1218
9 1 711 1245 1104
33 14 88 1160 594
36 9 407 1162 1338
34 9 480 1184 1162
15 27 364 1252 246
37 4 187 1179 1308
11 27 666 1138 231
35 16 607 1326 1173
16 20 392 1295 1106
38 3 509 1330 1173
12 20 20 1287 1119
27 26 355 1333 1238
1 29 187 1250 1360
39 10 374 1182 1330
13 21 223 1359 1345
28 21 883 1222 1241
26 5 452 1197 1215
40 13 735 1200 1280
14 26 992 1149 1091
29 24 594 1296 1289
27 4 563 1204 1200
30 23 248 1311 1259
31 6 254 1213 1141
5 25 830 1278 1176
29 14 71 1143 602
1 41 220 1147 1090
32 1 893 1229 1251
41 27 495 1293 1159
28 33 572 1136 1148
17 12 145 1180 1259
7 19 588 1206 1098
22 27 423 36 218
20 7 910 1124 217
23 18 271 1205 1152
21 2 611 1189 1212
24 21 417 1255 1142
22 5 901 1138 1340
41 32 421 1254 1253
9 8 889 1229 1275
33 5 58 1229 1335
38 34 747 1180 1348
10 7 80 1317 1213
34 2 122 1091 1205
37 11 856 1120 1261
11 6 685 1122 1283
35 7 252 1330 1329
16 25 75 1196 1331
38 12 452 1305 1295
12 9 250 1274 1285
36 24 311 1305 1333
1 20 496 1110 1297
25 17 592 1254 1124
15 8 461 1217 1229
39 1 320 1211 1332
13 20 406 1253 1320
37 17 91 1327 1101
26 14 783 1249 656
16 7 312 1148 1183
40 6 831 1197 1324
14 19 392 1320 1308
38 22 521 1296 1202
1 10 249 1257 1138
39 27 38 1300 1154
28 4 975 1136 1096
41 19 487 1184 1342
29 5 740 1142 1209
17 3 658 1232 1303
7 22 787 1179 1212
31 23 380 1233 1289
29 35 760 1178 1355
18 4 409 1092 1351
8 17 499 1090 1099
32 24 186 1338 1242
30 36 801 1308 1222
34 33 108 1229 1223
17 25 305 1100 1318
22 14 118 40 606
9 15 3 1222 1249
33 28 176 1229 1241
23 3 55 1355 1309
10 16 210 1250 1232
34 27 116 1293 1290
39 34 274 1244 1138
11 13 933 1239 1243
35 2 873 1220 1152
9 21 109 1125 1217
40 37 793 1298 215
12 2 659 1170 1139
36 29 702 1337 1293
10 18 148 1102 1296
25 24 719 1343 1344
15 15 741 1184 1238
13 11 515 1238 1350
37 32 451 1303 1293
11 23 216 1268 1316
26 23 412 1158 1157
16 16 641 1134 1229
40 3 661 1257 1297
14 12 390 1217 1254
38 31 713 1206 1290
27 22 968 1159 1314
1 1 279 1330 1139
39 30 277 1246 1213
28 25 505 1305 1095
40 25 234 1270 1148
5 15 19 1176 1241
29 4 48 1179 1241
41 11 799 1112 1255
1 39 163 1152 1109
6 16 157 1320 1187
30 3 636 1229 1218
7 13 167 1315 1288
31 26 957 1225 1133
5 21 715 1356 1304
18 5 848 1322 1183
8 10 213 1136 1331
32 29 775 1264 1320
19 4 613 1222 1249
31 36 200 1146 1361
33 19 578 1241 1354
23 6 3 1275 1130
34 20 899 1198 1229
24 1 48 1212 1159
35 25 293 1240 1357
12 7 219 1179 1295
36 6 855 1174 1268
10 27 740 1348 247
15 18 53 1347 1150
13 2 982 1203 1353
37 7 798 1164 1116
11 18 86 1114 1249
16 21 700 1319 1096
14 5 388 1133 1180
38 8 595 1245 1219
1 8 76 1221 1189
25 5 409 1123 1200
39 21 248 1301 1211
28 18 909 1150 1292
26 2 438 1117 1155
40 18 899 1089 1199
29 27 795 1151 1229
27 7 43 1270 243
33 36 323 1215 1210
30 28 442 1218 1117
41 17 735 1095 1269
41 14 473 1270 1325
31 1 677 1272 1344
5 20 259 1347 1196
8 7 271 1219 1098
32 6 965 1260 1148
6 19 99 1270 1209
17 23 462 1282 1108
7 26 846 1268 1147
20 4 371 1134 1264
32 36 274 1335 1316
21 5 103 1228 1349
36 37 551 1314 216
34 21 179 1139 1179
24 26 851 1133 1183
35 20 984 1098 1091
9 3 765 1360 1147
33 16 425 1188 1133
36 11 619 1309 1324
10 4 255 1245 1311
34 15 995 1327 1240
15 25 722 1238 1140
37 14 648 1259 1232
11 25 52 1356 1200
35 14 925 1203 1289
38 1 118 1189 1242
12 22 449 1206 1188
36 17 867 1107 1191
1 31 788 1283 1152
15 3 706 1134 1355
39 16 591 1242 1295
13 23 695 1176 1237
28 23 39 1102 1325
40 15 16 1155 1190
14 24 147 1353 1256
29 18 695 1120 1188
27 2 518 1134 1262
30 21 196 1212 1298
5 27 198 1260 199
29 16 857 1217 1219
32 3 933 1205 1256
30 15 397 1317 1133
28 35 459 1135 1294
17 14 310 1276 1274
7 17 615 1099 1234
8 22 687 1355 1117
23 24 973 1124 1306
21 4 666 1094 1284
24 23 518 1290 1133
41 33 84 1157 1123
22 3 488 1150 1194
9 10 214 1096 1319
33 7 688 1243 199
10 5 637 1130 1330
34 8 286 1096 1188
11 4 590 1295 1188
35 5 54 1303 1140
16 27 710 1278 210
38 10 22 1242 1115
12 11 756 1348 1267
36 26 651 1318 1169
1 22 885 1341 1318
25 19 282 1307 1118
15 6 902 1259 1216
39 7 72 1199 1144
13 14 586 1133 1270
37 19 70 1214 1237
26 20 301 1271 1341
16 1 383 1212 1140
40 8 137 1223 1288
14 17 40 1119 1165
38 20 392 1157 1282
1 12 698 1309 1154
39 25 7 1337 1234
28 6 297 1314 1202
40 30 76 1358 1282
29 7 501 1338 199
1 34 119 1242 1146
33 34 67 1107 1338
17 5 95 1156 1339
7 12 188 1299 1299
31 21 707 1091 1097
18 2 751 1250 1266
8 19 943 1273 1276
32 18 572 1183 1295
30 34 604 1135 1351
19 7 649 1231 202
17 27 877 1351 1289
33 30 311 1254 1200
23 1 382 1220 1119
10 14 111 1154 1229
34 25 595 1186 1179
24 6 583 1104 1253
11 11 133 1270 1244
35 32 780 1293 1098
9 23 382 1343 1233
12 4 419 1304 1295
36 31 966 1243 1177
10 24 479 1196 1312
25 26 344 1357 1265
15 13 501 1138 1118
13 5 344 1215 1358
37 26 755 1146 1199
11 21 252 1253 1344
26 21 893 1262 1360
16 10 537 1109 1178
14 10 726 1145 1262
38 29 55 1174 1301
12 26 148 1172 1192
27 20 290 1242 1270
1 3 103 1187 1217
39 20 688 1229 1266
28 27 820 1306 212
40 27 268 1302 1131
29 30 670 1125 1348
6 14 691 1326 1328
30 1 673 1248 1348
41 9 380 1190 1247
31 32 924 1293 1328
5 23 926 1311 1197
41 7 5 1277 1161
8 12 962 1164 1292
32 31 698 1176 1289
6 24 419 1211 1357
19 2 298 1113 1272
17 18 829 1169 1321
31 34 170 1215 1284
33 21 754 1255 1327
32 37 518 1361 204
36 34 522 1193 1205
34 18 975 1238 1162
24 3 19 1100 1275
35 23 132 1162 1358
33 33 181 1127 1262
36 8 225 1340 1214
10 25 545 1178 1267
34 12 390 1196 1177
15 24 631 1247 1289
13 4 377 1120 1296
37 1 372 1158 1286
41 26 986 1280 1185
16 23 690 1138 1248
14 3 398 1283 1131
38 6 445 1122 1342
27 27 2 1248 234
1 26 508 1256 1269
25 7 225 1251 229
39 11 99 1298 1248
13 26 750 1091 1267
28 20 68 1092 1270
40 20 473 1319 1257
29 21 77 1099 1216
27 5 373 1241 1098
30 26 501 1330 1251
4 27 977 251 210
41 16 370 1274 1278
31 7 794 1321 233
8 1 288 1337 1087
6 17 89 1115 1157
17 9 839 1241 1349
41 22 579 1295 1146
20 6 977 1343 1142
23 19 739 1172 1245
21 7 729 1280 203
37 34 175 1155 1107
35 18 516 1256 1326
9 5 942 1122 1307
33 2 690 1225 1148
38 37 87 1138 207
36 13 787 1161 1136
10 2 680 1299 1322
34 13 124 1212 1298
37 16 198 1285 1234
11 7 2 1168 1140
35 12 551 1319 1202
38 15 763 1139 1303
12 24 208 1341 1298
36 19 644 1350 1250
1 17 689 1233 1144
25 14 974 1290 583
15 1 669 1348 1278
39 14 686 1179 1246
13 17 202 1248 1258
37 22 626 1181 1300
16 6 205 1167 1239
40 9 904 1341 1254
14 22 371 1360 1348
29 20 689 1286 1264
27 16 251 1175 1253
30 19 718 1209 1306
28 15 490 1294 1194
6 26 975 1325 1108
28 37 678 705 226
17 16 51 1190 1130
7 23 387 1167 1188
31 20 874 1349 1260
41 5 568 1127 1178
8 24 571 1313 1309
23 22 672 1146 1189
34 36 397 1105 1268
24 17 965 1326 1154
41 35 118 1287 1310
22 1 664 1106 1234
9 12 360 1311 1090
33 25 67 1257 1193
23 16 234 1161 1219
10 11 917 1094 1163
34 6 96 1145 1243
24 15 334 1316 1313
39 35 837 1358 1182
11 2 607 1187 1342
35 3 677 1296 1223
9 18 597 1343 1356
12 13 824 1349 1351
36 28 245 1165 1143
1 24 649 1361 1352
25 21 571 1121 1114
15 12 806 1331 1160
39 5 286 1130 1251
13 16 105 1256 1312
37 29 1 1274 1261
26 18 31 1121 1119
16 3 996 1216 1143
40 2 190 1205 1244
14 15 914 1230 1304
38 18 329 1144 1177
27 23 708 1133 1354
1 14 851 1260 1325
39 31 401 1185 1283
40 32 564 1289 1322
29 1 109 1182 1286
1 36 801 1271 1173
30 6 439 1353 1183
17 7 575 1303 1346
41 4 331 1133 1279
31 27 755 1202 1092
8 13 483 1103 1347
32 20 937 1352 1242
19 5 570 1132 1206
34 37 259 1132 219
35 36 546 1263 1292
33 32 79 1287 1283
23 7 127 1178 237
34 31 577 1272 1181
11 9 904 1179 1093
35 30 49 1157 1138
9 25 369 1344 1337
40 33 610 1352 1224
12 6 638 1260 1282
36 1 996 1239 1160
10 22 881 1210 1280
15 19 509 1117 1107
13 7 203 1320 1338
37 28 735 1274 1108
11 19 572 1188 1225
26 27 54 1152 216
16 12 624 1127 1187
14 8 604 1158 1110
38 27 216 1275 1148
27 18 653 1322 1173
1 5 900 1282 1101
25 2 422 1169 1247
39 18 469 1272 1303
28 29 794 1190 1307
40 21 825 1318 1136
5 11 933 1355 1104
29 32 331 1293 1253
6 12 276 1179 1349
30 31 573 1268 1186
7 1 128 1230 932
31 30 927 1115 1253
5 17 17 1299 1143
41 31 210 1240 1239
8 6 223 1279 1131
32 25 487 1232 1171
6 22 372 1249 1208
17 20 775 1261 1202
7 27 194 1329 247
33 23 498 1243 1100
23 26 175 1199 1291
36 36 310 1089 1178
34 24 355 1135 1335
37 37 778 1305 203
35 21 194 1274 1317
36 10 845 1231 1221
34 10 419 1336 1309
15 22 838 1305 1193
37 3 20 1322 1302
35 15 285 1162 1103
16 17 6 1168 1330
14 1 906 1314 1324
38 4 112 1275 1259
12 17 400 1326 1216
27 25 328 1360 1258
1 28 474 1131 1283
39 9 418 1307 1323
28 22 541 1178 1206
26 6 825 1123 1094
40 14 801 1301 1297
14 27 418 1308 237
29 23 476 1313 1216
27 3 503 1300 1129
30 24 859 1358 1356
31 5 95 1222 1318
8 3 745 1267 1329
32 2 610 1193 1116
28 34 566 1159 1302
17 11 720 1188 1275
41 24 627 1147 1205
8 25 175 1139 1129
23 17 424 1338 1141
21 1 918 1242 1206
24 22 97 1263 1188
22 6 624 1250 1295
37 36 73 1316 1286
9 7 674 1233 1171
33 4 772 1232 1222
38 35 297 1332 1170
36 15 676 1138 1143
10 8 856 1306 1191
34 3 913 1139 1262
37 10 350 1333 1296
11 5 138 1190 1346
35 10 547 1275 1295
16 26 631 1198 1336
38 13 634 1170 1260
12 10 725 1213 1352
36 21 128 1185 1354
1 19 440 1348 1220
25 16 179 1185 1196
15 7 360 1268 1262
39 4 911 1120 1172
13 19 171 1218 1355
37 24 336 1236 1264
26 15 831 1294 1337
16 8 229 1227 1155
40 11 180 1321 1281
14 20 285 1205 1285
38 23 530 1304 1318
27 14 579 1132 618
1 9 34 1104 1151
30 17 739 1349 1230
28 1 854 1338 1212
31 16 518 1173 1113
32 15 970 1228 1323
17 2 624 1176 1172
7 21 775 1221 1228
31 18 824 1215 1272
29 34 619 1177 1328
8 18 362 1161 1269
32 21 234 1091 1104
30 37 795 1194 204
34 34 930 1096 1208
24 19 557 1314 1237
41 37 286 1234 1285
41 1 979 1160 1162
9 14 391 1281 1276
33 27 828 1233 1103
23 14 372 1197 690
10 9 256 1340 1145
34 28 583 1291 1137
39 33 694 1335 1337
11 16 230 1185 1149
35 1 434 1290 1173
9 20 444 1221 1226
12 15 243 1330 1112
36 30 601 1352 1287
10 19 766 1238 1183
25 23 858 1321 1247
15 10 423 1138 1205
13 10 838 1222 1352
37 31 49 1102 1103
26 24 239 1265 1313
16 13 395 1242 1290
40 4 946 1152 1305
14 13 787 1106 1305
38 32 246 1240 1182
27 21 456 1315 1274
1 16 573 1259 1091
39 29 916 1260 1314
4 11 600 267 956
28 26 447 1180 1283
41 20 126 1117 1171
40 26 891 1118 1240
5 14 197 1305 1246
29 3 711 1119 1141
1 38 857 1344 1268
6 1 925 1135 1002
30 4 754 1096 1319
7 16 203 1136 1262
31 25 355 1126 1258
18 6 528 1174 1130
8 15 82 1351 1252
32 30 948 1221 1201
19 3 476 1324 1122
31 35 360 1289 1091
35 34 39 1230 1211
33 18 210 1116 1137
23 5 491 1144 1291
34 29 509 1131 1096
24 2 910 1286 1126
35 28 345 1170 1278
9 27 997 1186 217
40 35 169 1110 1168
12 8 740 1090 1215
36 3 210 1160 1161
15 17 832 1108 1178
13 1 746 1243 1120
37 6 833 1196 1330
11 17 515 1239 1288
26 25 275 1139 1337
16 22 145 1232 1199
14 6 457 1229 1332
38 25 301 1332 1333
1 7 786 1103 1132
25 4 934 1209 1250
39 24 90 1328 1302
28 31 895 1167 1360
26 3 92 1239 1321
40 23 303 1336 1192
29 26 424 1152 1310
30 29 793 1329 1243
41 13 232 1226 1185
31 4 939 1215 1200
5 19 878 1334 1112
8 8 84 1268 1113
32 27 357 1158 1248
6 20 925 1303 1308
17 22 734 1254 1337
7 25 693 1268 1340
20 1 51 1243 1254
32 33 995 1136 1322
34 22 59 1173 1210
35 19 244 1341 1337
9 2 577 1296 1284
33 15 276 1297 1177
36 12 588 1179 1231
34 16 513 1243 1105
37 13 114 1272 1094
35 13 303 1133 1164
16 19 443 1116 1235
38 2 411 1318 1242
12 19 169 1261 1329
36 18 614 1098 1258
1 30 809 1167 1226
39 15 125 1249 1185
13 22 625 1236 1111
28 24 326 1157 1316
40 16 465 1218 1243
14 25 70 1101 1272
29 17 263 1314 1104
41 28 933 1287 1132
27 1 979 1279 1353
33 37 726 1220 238
30 22 604 1355 1165
28 14 21 1347 650
5 26 799 1339 1240
29 15 597 1290 1111
32 4 248 1241 1220
30 16 864 1190 1347
28 36 443 1141 1338
17 13 138 1318 1237
7 20 735 1270 1183
29 37 997 1324 211
8 27 225 1266 213
23 23 824 1329 1097
21 3 791 1153 1120
24 24 21 1111 1110
22 4 958 1107 1315
9 9 160 1134 1319
33 6 446 1288 1186
38 33 133 1239 1123
10 6 31 1179 1271
34 1 97 1209 1089
24 14 418 1194 570
37 12 931 1301 1102
11 3 986 1145 1254
35 8 901 1250 1274
41 30 145 1256 1309
38 11 328 1310 1150
12 12 51 1090 1223
36 23 194 1324 1288
1 21 498 1295 1186
25 18 481 1089 1257
15 5 659 1138 1222
39 2 861 1361 1183
13 13 52 1269 1302
37 18 475 1324 1338
16 2 659 1176 1255
40 5 176 1185 1351
14 18 582 1271 1252
38 21 461 1345 1109
1 11 43 1341 1258
39 28 259 1213 1197
28 3 864 1267 1264
31 14 571 1184 677
5 1 891 1243 967
29 6 631 1093 1194
1 33 648 1233 1342
17 4 700 1241 1100
7 11 519 1177 1106
31 24 467 1105 1186
29 36 292 1287 1154
18 3 892 1302 1218
8 20 697 1345 1251
32 23 603 1090 1252
30 35 855 1155 1136
17 26 661 1154 1308
35 37 966 1220 232
9 16 19 1361 1142
33 29 465 1156 1205
23 4 380 1107 1329
10 15 748 1153 1132
34 26 254 1168 1158
11 14 348 1263 1193
35 31 800 1303 1329
9 22 886 1148 1351
12 1 413 1205 1349
36 32 587 1203 1284
10 17 941 1332 1268
25 25 684 1191 1320
15 16 381 1359 1302
41 29 321 1328 1154
13 12 513 1346 1233
37 25 884 1131 1221
11 24 348 1182 1336
26 22 67 1332 1170
16 15 506 1319 1356
14 11 452 1276 1318
38 30 645 1101 1122
27 19 793 1321 1297
1 2 583 1275 1333
39 19 935 1172 1224
28 28 442 1253 1176
40 28 533 1184 1120
5 16 268 1234 1298
29 29 481 1215 1163
1 40 168 1250 1302
33 35 74 1110 1330
6 15 297 1131 1156
30 2 308 1311 1333
7 14 435 1336 1303
31 31 738 1138 1214
5 22 153 1337 1155
8 9 10 1144 1171
32 32 868 1319 1285
19 1 879 1297 1235
17 17 570 1169 1132
31 33 661 1247 1194
33 20 774 1260 1353
23 27 695 1223 246
34 19 82 1237 1094
24 4 805 1317 1213
35 26 743 1173 1239
36 5 856 1189 1350
10 26 435 1284 1202
15 23 966 1253 1196
13 3 568 1195 1103
37 8 932 1161 1098
16 24 739 1147 1226
14 4 371 1233 1349
38 7 699 1198 1304
1 25 762 1304 1339
25 6 588 1155 1329
39 22 281 1298 1157
13 25 592 1193 1195
28 17 128 1170 1109
26 1 148 1233 1328
40 17 421 1214 1256
29 28 338 1153 1349
30 27 154 1221 1108
41 15 436 1191 1266
31 2 183 1153 1190
41 8 980 1345 1313
8 2 913 1285 1209
32 5 272 1213 1211
6 18 902 1238 1208
17 24 675 1336 1091
41 21 730 1284 1235
20 3 736 1130 1279
32 35 536 1175 1330
21 6 762 1313 1257
24 25 316 1136 1290
37 33 110 1341 1255
35 17 791 1101 1314
9 4 236 1156 1309
33 1 539 1303 1310
36 14 192 1189 1096
10 3 245 1217 1187
34 14 100 1120 1260
15 26 398 1192 1302
37 15 972 1097 1304
11 26 90 1337 1144
35 11 356 1095 1311
38 16 529 1228 1141
12 21 70 1189 1172
36 20 414 1255 1348
1 32 738 1104 1117
15 4 951 1226 1281
39 13 268 1131 1164
13 24 712 1329 1194
37 21 888 1206 1187
40 10 589 1201 1330
14 23 971 1320 1263
29 19 92 1136 1347
27 15 268 1185 1308
30 20 416 1128 1189
4 1 188 1265 989
28 16 576 1221 1106
41 2 543 1132 1204
32 14 840 1176 595
6 27 54 1097 233
30 14 772 1183 607
17 15 626 1264 1344
7 18 408 1298 1193
31 19 680 1349 1109
8 21 734 1239 1254
23 21 166 1134 1292
24 18 501 1342 1219
41 34 948 1194 1325
22 2 261 1279 1271
9 11 885 1118 1265
23 15 603 1257 1152
10 12 667 1356 1241
34 7 474 1096 1290
24 16 941 1303 1205
11 1 909 1335 1269
35 6 762 1166 1211
9 17 649 1167 1344
38 9 322 1198 1317
12 14 986 1361 1184
36 25 626 1270 1121
1 23 714 1333 1281
25 20 726 1130 1320
15 11 597 1199 1205
39 8 351 1234 1226
13 15 262 1279 1262
37 20 430 1355 1276
26 19 903 1105 1329
16 4 15 1200 1228
40 7 114 1191 1360
14 16 321 1115 1354
38 19 627 1104 1305
1 13 910 1311 1198
39 26 17 1189 1194
28 5 753 1254 1143
40 29 678 1092 1158
1 35 312 1127 1303
30 7 230 1129 224
17 6 412 1334 1169
41 3 875 1149 1302
31 22 917 1313 1127
41 6 700 1280 1354
18 1 87 1258 1334
8 14 715 1125 1279
32 17 227 1149 1089
30 33 247 1168 1139
35 35 775 1166 1340
33 31 224 1137 1220
23 2 67 1317 1136
10 13 635 1227 1283
34 32 479 1100 1276
24 5 794 1246 1182
39 37 977 1242 232
11 12 318 1111 1140
35 29 181 1252 1342
9 24 322 1143 1295
40 34 110 1226 1218
12 3 939 1146 1284
36 2 924 1098 1128
10 23 887 1248 1335
25 27 771 1226 247
15 14 113 1271 1283
13 6 156 1191 1095
37 27 229 1244 1272
11 22 389 1346 1313
41 25 855 1262 1322
16 9 730 1148 1217
14 9 132 1286 1104
38 28 508 1307 1202
12 25 861 1307 1095
27 17 244 1157 1109
1 4 92 1284 1273
25 1 76 1336 1335
39 17 227 1189 1320
28 30 335 1332 1155
40 22 113 1268 1172
29 31 356 1131 1131
6 13 492 1093 1153
30 32 204 1174 1299
41 10 942 1195 1267
31 29 403 1253 1117
5 24 576 1271 1343
8 11 343 1323 990
32 26 630 1287 1225
6 23 40 1101 1160
17 19 707 1093 1108
33 22 762 1267 1122
23 25 120 1233 1132
36 33 468 1228 1230
34 17 854 1227 1332
35 24 224 1145 1343
36 7 29 1170 1239
34 11 726 1143 1248
15 21 189 1133 1276
37 2 142 1165 1165
16 18 102 1192 1352
14 2 748 1225 1210
38 5 140 1313 1311
12 18 196 1249 1239
1 27 603 1216 1329
39 12 630 1160 1260
13 27 309 1104 226
28 19 152 1311 1274
26 7 849 1150 224
40 19 482 1160 1225
29 22 362 1162 1207
3 1 491 1163 936
27 6 997 1216 1132
30 25 98 1306 1276
18
5 5
245 5
245 335
125 335
125 885
545 885
545 225
1085 225
1085 445
725 445
725 885
905 885
905 1215
1325 1215
1325 -215
-115 -215
-115 1325
5 1325
