50
1 17293 2 14825 3 17851 4 16549 5 18706 6 18456 7 31555 8 28690 9 29628 10 28471 11 24336 12 23239 13 29869 14 20691 15 34199 16 32029 17 37200 18 25570 19 24541 20 28934 21 29145 22 27576 23 25003 24 27235 25 22351 26 37378 27 33735 28 33156 29 24212 30 25529 31 23409 32 29096 33 20409 34 19207 35 10455 36 6738 37 45414 38 40044 39 1266 40 32514 41 38685 42 10803 43 21036 44 9039 45 8709 46 36052 47 24815 48 3745 49 33947 50 18972 
1 35385 2 27835 3 22948 4 7136 5 12114 6 14350 7 15325 8 21907 9 12898 10 12624 11 16073 12 23541 13 20834 14 20171 15 18536 16 21752 17 22940 18 21204 19 7488 20 14320 21 17442 22 24122 23 30789 24 18900 25 6634 26 13761 27 21022 28 16922 29 11166 30 15033 31 34907 32 30659 33 39521 34 36092 35 35912 36 1907 37 30601 38 33370 39 36920 40 36867 41 21594 42 28783 43 7254 44 23615 45 37568 46 6673 47 33899 48 34848 49 8994 50 41508 
1013
6 32 71 1225 1175
17 10 687 1236 1339
7 29 140 1295 1151
5 37 111 1250 987
18 21 275 1344 1288
8 26 103 1329 558
23 20 323 1103 861
21 8 994 1296 1289
19 20 465 1173 1041
22 7 553 1181 673
37 35 434 1331 1211
38 20 539 1321 1218
9 6 513 1351 1266
33 3 388 1249 964
14 33 772 1323 1097
38 36 593 1291 1235
15 32 168 1192 1207
39 41 387 1266 628
37 9 848 1279 1224
11 8 149 1155 1207
16 31 790 1335 1258
38 14 854 1090 1279
12 23 546 1249 1299
34 2 672 1250 1233
15 2 365 1202 1324
13 18 685 1241 993
37 23 877 1299 1333
2 29 805 1185 1314
26 16 283 1298 1156
16 5 284 1201 1338
38 24 519 1160 1100
3 28 714 1353 1136
27 13 202 1336 1350
30 18 269 1182 1150
4 3 62 1200 836
28 2 837 1351 1226
16 35 975 1216 1223
31 15 189 1295 1264
20 40 762 1334 1098
32 16 185 1255 1247
21 33 511 1139 1123
4 41 472 1091 747
28 40 779 1276 1103
2 41 920 1337 733
17 1 126 1335 1339
7 24 706 1117 1226
22 38 979 1255 1343
20 14 693 1160 1304
9 39 425 1202 1271
8 23 837 1263 1248
32 22 12 1328 778
6 35 224 1206 1267
21 15 37 1258 1325
10 40 250 1230 1237
34 35 685 1125 1181
17 39 217 1245 1328
22 16 222 1349 1139
11 37 466 1293 1063
9 13 578 1254 1323
33 26 28 1243 1093
23 13 703 1171 180
33 24 575 1200 1300
38 12 372 1104 1323
10 10 946 1168 1257
11 15 765 1356 1126
12 16 901 1328 1347
25 22 760 1206 1211
15 9 17 1281 1296
13 9 389 1130 496
37 30 615 1148 1341
26 17 454 1141 1150
16 14 158 1236 1286
38 17 820 1173 1173
32 12 565 1132 1174
27 24 301 1293 596
18 33 1000 1299 1157
29 2 268 1356 1148
1 37 911 1170 906
25 34 333 1141 1120
6 2 52 1329 1233
2 34 888 1104 1248
17 8 385 1134 1212
7 15 491 1195 1167
31 28 806 1232 390
3 39 569 1294 1131
8 16 643 1114 1308
21 22 634 1228 1303
10 41 224 1181 770
17 30 459 1251 247
7 33 153 1210 1310
22 9 228 815 487
18 25 395 1265 1359
8 38 273 1315 1306
23 8 213 1216 1201
19 32 889 1176 1260
34 30 590 1292 229
24 7 59 1213 568
11 10 419 1361 1196
9 26 335 1090 577
12 5 888 1341 817
15 20 267 1149 1179
13 8 854 1308 1168
37 5 464 1337 1214
26 26 225 1165 1356
16 11 54 1223 1324
14 7 647 1171 1356
38 26 33 1138 1284
27 31 973 1215 1315
24 35 372 1264 1169
13 30 749 1235 234
28 32 854 1352 1251
2 1 465 1091 1129
25 41 25 1093 636
30 30 673 1171 200
30 34 915 1137 1314
26 38 34 1167 1101
7 2 860 1141 1090
31 3 563 1171 843
3 34 563 1221 1323
27 35 600 1321 1221
8 5 732 1158 748
23 37 14 1333 1062
17 21 575 1276 1218
7 28 84 1260 1209
22 18 257 1112 1123
20 2 426 1133 1183
8 35 81 1254 1137
23 31 894 1338 1218
12 40 64 1335 1356
19 23 959 1343 1278
34 23 760 1102 1339
24 32 182 1333 1330
13 33 41 1114 1163
37 38 597 1255 1157
35 22 596 1179 892
14 38 889 1097 1217
10 30 915 1287 208
37 4 82 1258 1157
16 20 988 1322 1117
38 3 940 1112 1294
27 26 281 1282 575
1 29 819 1296 1170
28 21 214 1192 1318
2 26 448 1217 525
33 30 553 1299 232
29 24 132 1179 660
3 31 159 1179 1341
15 39 101 1283 1172
30 23 549 1272 1180
4 32 36 1114 1124
28 11 801 1336 330
16 40 508 1251 1220
20 33 323 1164 1143
1 41 717 1311 631
32 1 698 1338 1130
6 30 132 1341 1241
4 38 572 1275 1242
28 33 933 1253 1189
17 12 744 1294 1357
5 39 10 1250 1294
20 7 715 1315 1291
19 33 324 1314 1334
9 34 491 1099 1255
8 28 158 1208 1102
23 18 231 1300 1078
6 40 119 1288 1103
21 2 469 1232 1201
17 34 642 1204 1321
32 41 584 1331 694
32 27 887 1334 1210
9 8 696 1290 1178
23 12 373 1314 1305
38 34 125 1193 1287
10 7 238 1183 1144
33 33 639 1242 1130
15 30 336 1176 240
37 11 513 1125 1241
11 6 617 1334 1108
35 37 493 1146 1105
30 39 438 1101 1118
29 35 594 1260 1134
12 9 765 1353 437
15 8 852 1208 1093
37 17 156 1264 1257
26 14 187 1246 1309
16 7 37 1165 1339
38 22 718 1225 1324
3 26 641 1316 552
27 11 66 1327 346
24 33 434 1268 1298
32 24 559 1357 1258
31 13 319 1133 1116
31 38 835 1101 1301
21 35 191 1161 1025
17 3 965 1222 1105
7 22 682 1140 1242
31 23 802 1359 1332
20 16 367 1156 1169
9 41 802 1311 682
8 17 79 1287 1163
23 41 942 1091 720
6 33 267 1108 1134
21 9 298 1222 1329
10 38 161 1117 1185
34 33 723 1286 1268
11 35 260 1287 1271
35 40 590 1200 1107
9 15 690 1116 1313
33 28 380 1165 343
23 3 184 1323 968
10 16 260 1309 1140
34 27 763 1298 1202
24 12 260 1148 1169
11 13 873 354 175
35 2 649 1101 1294
29 12 440 1187 1091
10 18 257 1156 1148
25 24 820 1267 733
15 15 714 1334 1354
31 35 311 1218 1094
11 23 802 1096 1122
26 23 820 1340 1254
16 16 265 1253 1228
38 31 227 1320 1331
27 22 467 1105 1360
1 1 61 1278 1185
18 38 863 1302 1199
1 39 919 1178 1223
30 3 771 1355 899
2 40 34 1272 1261
26 35 368 1297 1236
7 13 888 1338 1204
31 26 951 1135 530
30 12 670 1164 1101
20 21 472 1312 1335
3 37 266 1117 1011
8 10 944 1321 1189
21 24 983 1351 679
17 32 392 1251 1163
7 39 245 1292 1217
22 23 190 1239 1147
19 35 557 1333 1054
18 31 523 1262 1347
8 40 380 1261 1166
12 33 103 1316 1349
19 30 618 1321 1212
24 1 704 1315 1110
32 25 130 1174 1159
9 28 720 1206 1319
12 7 805 1298 1356
31 17 709 1125 1278
25 31 283 1178 1269
15 18 223 1272 1353
13 2 843 1350 1136
37 7 654 1196 1163
11 18 537 1268 1114
26 32 409 1354 1192
16 21 73 1314 1212
14 5 93 1149 1280
29 33 262 1142 1270
32 35 698 1211 1059
13 32 870 1119 1147
28 18 100 334 1123
26 2 89 1185 1284
14 31 871 1132 1361
29 27 15 1124 1280
24 39 342 1122 1277
30 28 303 1300 364
38 2 129 1209 1136
7 8 431 1294 1336
31 1 536 1344 1267
31 41 39 1329 645
20 30 356 980 247
27 33 100 1095 1108
8 7 735 1227 1254
21 31 978 1255 1233
30 38 588 1265 1119
17 23 808 1354 1144
7 26 550 1333 545
22 32 66 1181 1179
18 24 655 1152 1333
8 29 261 1246 1268
36 37 805 1163 917
19 21 712 1352 1089
13 35 475 1356 1209
37 40 152 1142 1339
24 20 710 1194 1051
38 39 154 1291 1249
37 14 901 1261 1208
16 30 832 1165 220
38 1 830 1211 1243
12 22 280 1218 890
1 31 490 1149 1266
25 12 577 1345 1163
15 3 421 1277 1252
13 23 175 1100 1157
28 23 200 1242 1095
2 32 693 1252 1191
26 11 598 1131 329
14 24 697 1298 701
29 18 815 1297 1162
3 29 883 1328 1286
27 2 468 1254 1358
15 37 740 1263 1053
4 2 4 1160 1287
28 13 583 1302 1307
16 34 484 1220 1146
31 12 935 1191 1247
5 27 981 1356 1100
20 35 306 1297 1136
32 14 776 1196 1305
32 3 605 1135 879
6 28 478 1169 1274
21 38 252 1300 1104
4 40 86 1161 1333
28 35 968 1169 1193
17 14 671 1342 1277
7 17 735 1121 1329
5 33 265 1182 1329
20 9 118 1101 1211
8 22 128 1231 780
23 24 522 1098 644
6 38 701 1356 1103
30 41 584 1162 713
10 35 51 1216 1196
24 23 251 1104 1136
22 3 703 1332 1004
19 37 154 1176 960
9 10 635 1188 1233
10 5 360 1117 831
24 13 580 1295 178
32 31 476 1331 1148
38 10 11 1285 1250
15 6 768 1186 1334
13 14 379 1297 1357
37 19 17 1222 1144
26 20 863 1217 1144
16 1 57 1218 1236
29 39 442 1296 1229
5 2 158 1340 1222
1 34 264 1181 1353
24 37 730 1094 1101
17 5 892 1103 1147
7 12 171 1141 1248
22 34 309 1344 1283
20 18 50 1103 1151
18 2 860 1194 1114
33 40 299 1320 1165
32 18 279 1173 1121
21 11 499 1225 1207
30 40 914 1148 1239
34 39 452 1332 1333
22 12 388 1236 1252
11 33 575 1181 1089
35 38 279 1326 1310
18 28 452 1120 1159
8 41 434 1328 682
23 1 969 1151 1196
38 41 138 1091 780
10 14 445 1244 1312
34 25 111 1252 1302
11 11 4 1200 1122
9 23 337 1089 1097
24 18 794 1336 1182
10 24 496 1329 730
15 13 859 1128 1125
13 5 903 1130 1242
37 26 29 1310 1304
26 21 59 1274 1127
16 10 878 1144 1134
38 29 459 1102 1101
27 20 434 1354 1089
28 27 259 1166 1130
29 30 366 1255 208
25 38 157 1111 1145
30 1 281 1166 1281
18 34 781 1264 1301
2 38 902 1150 1204
26 33 631 1213 1287
7 3 425 1290 842
31 32 285 1248 66
20 23 782 1176 1131
3 35 20 1130 1169
27 40 691 1237 1231
8 12 691 1357 1259
23 34 817 1288 1273
21 18 124 1212 1177
19 2 226 1349 1334
17 18 171 1232 1317
7 37 508 1355 946
22 21 759 1216 1156
30 16 44 1328 1358
18 29 880 1183 1163
8 34 862 1187 1278
32 37 161 1090 1000
12 35 493 1135 1182
19 28 50 1304 1167
24 3 606 1148 964
13 38 513 1166 1236
19 39 815 1179 1281
9 30 752 429 223
14 41 385 1315 697
15 24 261 1114 705
13 4 279 1185 1237
37 1 266 1133 1186
11 32 796 1223 1299
26 30 216 1288 213
16 23 27 1340 1240
14 3 702 1343 1198
38 6 554 1118 1238
12 31 812 1144 1248
27 27 155 1273 1199
1 26 623 1153 1202
25 7 939 1118 701
28 20 74 1327 1274
24 30 722 1215 233
26 8 229 1209 1303
29 37 353 1162 1019
30 26 520 1095 500
4 27 882 1155 1141
7 6 318 1115 1354
5 30 456 1090 1111
20 32 555 1196 1121
4 33 577 1266 1335
31 33 114 1296 1188
17 9 327 1341 1262
7 32 129 1106 1147
22 30 912 1316 226
29 41 866 1201 631
18 22 477 1300 1243
8 31 838 1241 1302
21 7 469 1250 637
36 39 876 1090 1202
18 37 295 1209 894
37 34 819 1160 1104
9 5 603 1130 757
33 2 561 1203 1157
14 34 460 1305 1190
38 37 156 1318 1166
15 31 866 1253 1305
37 16 424 1255 1249
11 7 670 1337 1151
16 32 424 1241 1302
24 24 922 1320 627
38 15 703 1186 1094
12 24 906 1180 715
15 1 654 1145 1243
13 17 338 1093 1260
37 22 173 1099 1205
2 30 889 1112 1241
26 9 875 1249 511
16 6 704 1282 1216
14 22 664 1195 751
3 27 250 1171 1191
27 16 66 1328 1185
29 13 392 1110 1250
28 15 265 1275 1307
20 37 158 1165 970
32 13 75 1196 1264
6 26 738 1291 552
21 40 518 1321 1178
28 37 511 1345 1022
17 16 409 1146 1187
7 23 317 1245 1092
22 39 544 1148 1296
5 35 202 1121 1216
20 11 335 1270 1264
9 38 827 1216 1167
8 24 268 1107 641
23 22 188 1335 1129
21 14 385 1164 1234
10 33 451 1139 1289
17 38 393 1096 1263
7 41 696 1152 711
22 1 702 1276 1177
37 41 354 1248 665
11 40 120 1154 1134
35 41 241 1140 652
9 12 364 1319 1170
33 25 422 1274 1347
23 16 862 1292 1131
32 30 467 1334 1104
10 11 533 1163 1209
24 15 301 1116 36
19 41 269 1333 756
9 18 969 1211 1044
12 13 156 1341 195
25 21 524 1101 1147
15 12 586 1154 1227
13 16 121 1264 1340
37 29 523 1229 1170
26 18 483 1308 1235
16 3 363 1201 1207
38 18 581 1230 1350
33 38 386 1342 1155
27 23 495 1234 1115
16 41 460 1166 702
29 1 199 1346 1342
25 33 961 1136 1108
6 3 560 1203 918
2 35 293 1262 1146
17 7 1000 1138 1290
7 10 333 1358 1249
31 27 839 1224 1110
20 20 642 1257 914
8 13 251 1101 1096
24 41 584 1253 659
21 21 44 1136 1123
34 37 243 1161 1019
18 26 903 1263 1183
33 32 942 1320 1207
23 7 433 1256 655
19 31 40 1332 1167
34 31 908 1331 1258
24 8 200 1329 1215
13 41 762 1273 690
11 9 406 302 508
35 30 797 1326 234
12 6 7 1305 1344
36 1 482 1116 1095
10 22 290 1341 764
15 19 2 1245 1165
13 7 352 1327 1099
37 28 656 1254 1149
26 27 964 1206 1334
16 12 983 1287 1131
14 8 555 1303 1278
38 27 25 1159 1204
27 18 210 1205 1285
25 2 477 1151 1358
30 14 972 1328 1094
29 32 505 1137 1241
38 8 623 1207 1282
25 40 246 1354 1203
30 31 378 1325 1108
26 39 151 1226 1246
7 1 6 1255 1128
22 41 429 1336 757
3 33 768 1243 1316
27 38 516 1228 1090
8 6 730 1333 1304
23 40 282 1151 1241
21 20 969 1251 997
28 41 510 1248 740
17 20 260 1317 1092
7 27 381 1342 1321
31 40 9 1345 1265
33 23 460 1326 1234
32 39 821 1186 1132
12 37 851 1316 972
31 22 688 1305 769
19 26 648 1343 1347
34 24 775 1112 1180
13 40 354 1135 1145
37 37 366 1360 1159
9 32 505 1151 1115
14 39 868 1258 1262
10 31 768 1130 1228
15 22 650 1215 1105
37 3 65 1148 1248
11 30 803 1277 205
16 17 779 1106 1116
14 1 162 1356 1220
38 4 124 1265 1220
12 17 282 1146 1103
1 28 856 1250 1187
25 9 152 1172 476
28 22 665 403 761
2 27 630 1184 1226
29 23 302 1235 1350
3 2 561 1198 1177
27 3 797 1102 969
15 34 581 1322 1163
30 24 441 1109 697
4 29 459 1221 1166
28 12 586 1117 1263
29 11 715 1277 326
16 37 77 1315 1003
5 32 952 1317 1253
20 34 1 1247 1234
32 2 618 1235 1333
6 31 513 1278 1322
4 35 890 1246 1238
28 34 325 1095 1159
17 11 758 1161 1249
7 30 125 1323 1260
5 38 913 1110 1225
20 8 409 1203 1321
9 33 529 1270 1166
23 17 817 1134 1248
21 1 595 1346 1204
36 41 473 1349 636
34 41 150 1197 759
17 33 91 1243 1151
37 36 17 1191 1311
9 7 511 1333 1272
23 11 529 1268 318
38 35 970 1197 1335
10 8 223 1347 1178
34 3 709 1173 945
37 10 59 1322 1357
11 5 615 1345 819
38 13 510 1273 1352
15 7 138 1287 1240
37 24 445 1226 1350
26 15 493 1195 1283
16 8 240 1244 1242
38 23 464 1287 1351
27 14 857 1089 1269
15 41 896 1176 680
30 17 80 1299 1255
28 1 469 1199 1091
22 8 539 1183 1103
31 16 990 1160 1289
20 39 510 1197 1118
32 15 347 1184 1165
21 34 554 1265 1340
28 39 641 1195 1157
17 2 301 1357 1108
22 37 42 1198 1023
20 13 444 1226 1204
19 34 892 1296 1103
9 40 334 1112 1166
8 18 536 1259 1111
6 34 375 1127 1335
21 16 816 1121 1242
10 39 381 1289 1338
34 34 253 1167 1091
17 40 340 1292 1110
25 3 474 1231 884
22 15 128 761 39
11 38 936 1090 1257
35 39 913 1203 1121
9 14 419 1170 1257
33 27 738 1189 1251
12 41 790 1152 710
31 24 540 1176 683
10 9 280 1226 1090
34 28 496 1342 356
24 9 926 1121 523
11 16 814 1328 1152
35 1 170 1164 1109
31 39 631 1174 1213
12 15 227 1135 1356
25 23 556 1120 1319
15 10 745 1097 1120
37 31 49 1334 1285
26 24 280 1220 602
16 13 894 1210 1292
38 32 253 1345 1293
27 21 556 1175 1215
28 26 977 1305 487
29 3 805 1256 954
1 38 712 1148 1277
25 35 582 1171 1082
6 1 576 1289 1241
21 41 660 1199 692
30 35 106 1148 1272
2 33 156 1154 1265
7 16 546 1271 1328
20 22 404 1336 1126
3 40 745 1184 1198
8 15 135 1135 1268
23 35 868 1312 1060
21 23 811 1285 1190
19 3 402 1243 873
17 31 675 1157 1229
7 34 481 1225 1303
22 24 421 1338 644
18 32 853 1149 1150
8 37 750 1281 987
12 34 881 1343 1300
19 29 872 1335 1346
24 2 107 1221 1140
31 34 86 1332 1119
35 28 375 1311 381
9 27 164 1173 1184
33 37 147 1328 986
12 8 289 1183 1307
36 3 535 1137 1014
25 30 946 1298 215
15 17 801 1171 1174
13 1 437 1161 1262
37 6 845 1162 1280
11 17 196 1310 1190
16 22 978 1153 1346
14 6 266 1243 1197
38 25 133 1300 1237
12 30 176 1121 209
27 32 68 1331 1310
29 31 465 1150 1346
13 31 592 1204 1151
28 31 594 1328 1215
26 3 277 1235 934
14 32 264 1197 1265
29 26 756 1264 496
4 26 436 1300 567
26 37 201 1296 1018
7 7 273 1119 1206
30 11 17 1115 334
8 8 55 1327 1230
23 38 463 1171 1266
21 30 77 1133 237
17 22 324 1171 1178
22 17 763 1353 1312
20 1 370 1110 1284
8 30 810 1322 1099
23 32 881 1350 1341
12 39 271 1264 1272
36 38 823 1196 1130
19 24 495 1180 1188
34 22 29 1299 869
24 31 804 1155 1324
13 34 179 1307 1254
37 39 458 1133 1191
32 28 173 1203 382
37 32 278 1113 1273
14 37 53 1119 967
38 40 412 1113 1258
31 18 647 1172 1185
33 35 80 1184 1039
37 13 580 1360 1109
16 19 571 1350 1124
29 34 525 1206 1329
1 30 924 1303 1112
25 11 350 1335 345
13 22 122 1245 881
28 24 970 1212 616
26 12 108 1096 1264
29 17 521 1228 1350
3 32 905 1318 1249
27 1 929 1175 1166
24 34 999 1133 1213
15 40 540 1241 1099
30 22 78 1240 851
4 31 445 1183 1330
28 14 222 1301 1179
16 39 629 1313 1110
31 11 557 1148 315
5 26 110 1155 493
29 15 107 1298 1217
31 37 739 1277 899
6 29 207 1158 1098
21 37 559 1106 893
4 37 497 1145 996
30 37 177 1190 918
17 13 93 1249 1277
5 40 591 1301 1147
20 10 354 1113 1216
9 35 601 1177 1163
8 27 116 1220 1216
23 23 337 1233 1105
6 39 638 1130 1098
21 3 442 1333 874
17 35 471 1159 1069
9 9 877 1183 1179
23 9 171 1322 497
38 33 707 1154 1143
10 6 513 1178 1342
34 1 86 1287 1297
32 34 534 1333 1185
37 12 294 1173 1207
38 11 897 1311 1276
15 5 164 1161 1343
13 13 948 1171 194
37 18 681 1201 1225
26 13 736 1305 1295
16 2 479 1149 1095
38 21 214 1173 1301
27 12 449 1105 1184
18 39 200 1325 1160
28 3 766 1095 903
31 14 296 1146 1190
5 1 820 1209 1238
20 41 870 1358 684
1 33 507 1178 1258
17 4 863 1347 1094
7 11 17 1168 1291
22 35 731 1129 1040
30 13 399 1223 1271
20 15 843 1288 1344
38 30 19 1350 1356
18 3 176 1045 938
33 39 603 1245 1183
32 23 821 1153 1270
21 10 48 1328 1089
10 37 295 1355 1030
34 40 974 1258 1352
22 13 360 903 195
19 38 332 1230 1173
9 16 270 1106 1351
10 15 588 1282 1293
34 26 647 1250 1150
24 11 753 1290 312
11 14 176 1185 1302
32 26 840 1266 1341
9 22 573 1350 872
10 17 716 1335 1222
15 16 614 1207 1139
37 25 139 1347 1309
11 24 689 1289 729
26 22 301 1358 1320
16 15 569 1257 1336
29 40 529 1229 1357
27 19 897 1215 1204
28 28 325 1254 397
1 40 759 1177 1156
24 40 433 1100 1242
30 2 666 1138 1092
2 39 122 1232 1316
26 34 357 1180 1096
7 14 965 1105 1265
20 24 802 905 611
3 38 832 1180 1147
27 39 684 1275 1294
8 9 308 1173 1242
23 33 475 1115 1326
6 41 78 1339 752
21 17 923 1310 1266
19 1 314 1194 1111
17 17 763 1227 1340
7 40 800 1154 1171
22 22 325 1235 1339
18 30 173 1155 1103
8 39 727 1113 1237
32 38 602 1172 1344
19 27 406 1150 1278
13 37 171 1181 901
9 29 973 1096 1320
33 22 581 1283 861
25 37 365 1221 984
25 32 374 1254 1263
15 23 854 1285 1171
13 3 195 1351 1116
37 8 944 1106 1187
11 31 880 1222 1343
26 31 945 1354 1166
16 24 99 1192 649
14 4 954 1244 1314
38 7 533 1272 1102
12 32 66 1287 1247
27 30 128 1145 237
29 16 187 1287 1249
28 17 72 1148 1182
26 1 346 1308 1262
14 30 679 1271 223
29 28 362 1330 351
3 3 75 1169 1273
15 35 122 1140 1030
30 27 622 1115 1134
4 28 730 1186 1160
7 5 509 1179 1291
31 2 731 1177 1345
5 29 47 1300 1241
27 34 458 1337 1111
21 32 343 1336 1310
4 34 820 1109 1092
17 24 753 1272 685
7 31 471 1223 1339
22 31 513 1173 1160
30 15 742 1284 1101
20 3 819 1299 894
18 23 700 1099 1190
8 32 910 1271 1128
23 30 62 1294 225
36 40 887 1349 1215
19 22 63 1149 1162
33 41 274 1193 739
37 33 108 1244 1315
19 40 672 1150 1240
18 41 514 1281 639
33 1 864 1346 1133
14 35 600 1255 1177
38 38 153 1239 1342
37 15 402 1335 1122
32 32 280 1257 1116
38 16 465 1316 1337
1 32 827 1333 1270
25 13 925 1171 178
15 4 824 1109 1093
13 24 407 1151 631
37 21 401 1355 1341
2 31 510 1241 1113
14 23 330 1176 1124
29 38 792 1158 1275
3 30 700 1245 1280
27 15 292 1341 1201
15 38 213 1117 1281
30 33 840 1248 1315
4 1 515 1303 1139
28 16 838 1332 1347
35 3 4 1350 844
16 33 245 1340 1320
5 28 187 1124 1146
20 38 209 1281 1209
27 41 839 1343 665
24 38 849 1299 1099
6 27 844 1238 1222
21 39 931 1354 1235
4 39 764 1356 1159
28 38 902 1287 1229
17 15 250 1266 1094
7 18 196 1317 1352
22 40 750 1233 1142
5 34 829 1143 1310
20 12 24 1337 1292
9 37 631 1210 912
33 34 326 1218 1261
23 21 332 1216 1243
6 37 862 1128 1004
21 13 434 1166 1215
10 34 844 1212 1124
17 37 645 1261 899
22 2 801 1354 1161
11 39 353 1136 1155
9 11 864 1223 1317
23 15 502 1241 38
10 12 218 1128 1326
9 17 628 1311 1270
38 9 235 1263 1164
12 14 965 1199 1268
25 20 167 1348 961
15 11 473 1332 1195
13 15 829 1103 1245
37 20 7 1132 1293
26 19 726 1173 1091
16 4 246 1181 1120
38 19 750 1250 1152
29 14 472 1281 1187
5 3 858 1318 938
1 35 943 1214 1218
32 11 211 1186 329
18 35 399 1146 1083
17 6 153 1165 1232
7 9 91 1119 1290
22 33 989 1153 1345
5 41 473 1201 677
20 17 170 1296 1361
3 41 722 1229 733
18 1 854 1126 1190
8 14 888 1110 1099
32 17 862 1198 1269
21 12 440 1245 1112
34 38 749 1166 1266
7 35 400 1305 1068
22 11 162 900 325
11 34 567 1182 1277
35 35 687 1293 1071
18 27 932 1105 1145
33 31 355 1316 1136
23 2 423 1165 1334
10 13 152 1354 1198
34 32 378 1278 1334
11 12 152 1133 1170
9 24 262 1305 627
36 2 574 1190 1104
10 23 913 1174 1329
15 14 639 1106 1169
13 6 725 1125 1206
37 27 521 1360 1259
11 22 879 1126 851
26 28 557 1111 1344
16 9 387 1187 1126
14 9 496 1146 503
38 28 476 1324 1185
27 17 851 1146 1270
25 1 331 1260 1308
28 30 806 1358 219
24 22 52 1193 1257
25 39 321 1115 1163
30 32 387 239 81
2 37 509 1278 953
26 40 242 1224 1356
27 37 161 1333 940
8 11 830 1114 1099
23 39 169 1095 1278
17 19 18 1240 1263
7 38 322 1262 1148
22 20 943 1146 872
11 41 997 1208 661
18 20 622 1182 906
8 33 438 1223 1110
32 40 875 1115 1253
12 38 31 1239 1170
32 33 303 1329 1169
19 25 71 1090 1129
17 41 36 1327 634
13 39 91 1360 1182
9 31 705 1256 1226
14 40 842 1233 1240
10 32 797 1125 1248
15 21 226 1131 1227
18 40 783 1213 1334
37 2 164 1149 1136
16 18 790 1272 1185
14 2 715 1332 1337
38 5 482 1232 1140
12 18 625 1185 1007
27 28 855 1310 394
1 27 975 1139 1218
25 8 851 1149 1095
24 21 331 1161 1190
28 19 723 1292 1206
2 28 889 1301 1140
26 7 919 1247 629
29 22 815 1153 735
3 1 373 1222 1333
15 33 863 1096 1173
4 30 73 1325 1127
26 41 161 1235 708
16 38 385 1116 1256
5 31 417 1207 1310
20 31 821 1164 1275
62
4 4
4 -206
1264 -206
1264 1334
-276 1334
-276 1194
1194 1194
1194 74
564 74
564 634
844 634
844 424
704 424
704 494
774 494
774 564
634 564
634 214
844 214
844 284
704 284
704 354
1054 354
1054 564
914 564
914 704
1124 704
1124 914
844 914
844 844
1054 844
1054 774
634 774
634 984
984 984
984 1054
1054 1054
1054 984
1124 984
1124 1124
4 1124
4 844
284 844
284 984
564 984
564 774
214 774
214 704
494 704
494 284
354 284
354 424
424 424
424 564
214 564
214 144
424 144
424 -136
214 -136
214 74
74 74
74 4
