100
1 31810 2 48908 3 25701 4 6246 5 41811 6 34903 7 42042 8 1231 9 25067 10 2012 11 28931 12 18263 13 10785 14 9197 15 2114 16 4300 17 5195 18 5510 19 1053 20 1024 21 7000 22 11496 23 44595 24 30124 25 15282 26 37789 27 21386 28 31410 29 6162 30 5801 31 5162 32 1641 33 1024 34 4113 35 5822 36 15135 37 8797 38 18990 39 9466 40 18803 41 2243 42 4208 43 2200 44 7780 45 1024 46 3507 47 4929 48 1024 49 11155 50 3844 51 19462 52 18077 53 3295 54 4902 55 1024 56 3578 57 5629 58 2620 59 7081 60 5249 61 2083 62 5037 63 19950 64 11205 65 19674 66 12703 67 15562 68 4974 69 5901 70 2891 71 2604 72 3655 73 3185 74 6106 75 5231 76 14696 77 11597 78 1024 79 11026 80 1689 81 11402 82 7034 83 3848 84 1024 85 6131 86 2951 87 5484 88 2548 89 6734 90 1024 91 28987 92 15038 93 7818 94 18528 95 13853 96 19549 97 39211 98 4897 99 45829 100 42849 
1 8068 2 2185 3 18384 4 1024 5 15575 6 12888 7 9625 8 20312 9 2145 10 10567 11 12499 12 17257 13 28134 14 31510 15 10076 16 33036 17 25572 18 10278 19 42389 20 16645 21 12927 22 18533 23 37959 24 29799 25 41769 26 8169 27 20927 28 1322 29 4120 30 11424 31 4246 32 25447 33 2746 34 10690 35 6986 36 26802 37 3426 38 5654 39 3833 40 2711 41 5266 42 1024 43 8205 44 6941 45 1619 46 3135 47 2551 48 8281 49 1024 50 6940 51 1024 52 2524 53 8749 54 3646 55 11737 56 1024 57 9258 58 10297 59 6271 60 1024 61 6326 62 7786 63 5209 64 7111 65 1307 66 8587 67 1838 68 1490 69 1024 70 6386 71 3898 72 1670 73 6631 74 3846 75 5341 76 3047 77 1421 78 2990 79 11144 80 8827 81 4947 82 8796 83 9006 84 7894 85 7456 86 1674 87 1292 88 1413 89 17920 90 43399 91 12124 92 4115 93 39930 94 4446 95 39184 96 42441 97 13141 98 21853 99 34439 100 3458 
3330
41 23 606 1169 1191
22 29 37 1044 1225
5 37 917 1234 1236
8 26 516 1052 880
47 13 604 1240 320
26 66 960 1030 1240
69 26 955 77 905
37 35 1000 1247 1218
2 65 835 1076 1119
3 79 809 1173 1261
59 20 827 1220 1072
81 13 482 1066 1244
10 1 391 1055 1028
49 38 24 1036 1219
28 47 479 1197 1178
13 60 936 1126 1127
87 23 123 1067 1068
35 9 913 1181 1169
38 14 156 1063 1259
21 76 659 1224 1229
25 15 554 1069 1135
6 85 711 1047 1065
82 36 663 1229 1239
63 32 291 1239 1108
88 14 743 1105 1154
53 18 24 1097 1224
1 56 901 1128 1147
21 59 771 1064 1250
4 3 997 1053 1071
26 50 394 1132 1183
9 88 301 1149 379
65 21 515 1099 1127
51 28 120 1169 1171
32 16 975 1110 1164
15 78 844 1193 1194
2 41 118 1135 1136
41 30 213 1196 1031
22 38 36 1267 1260
5 36 529 1235 1046
66 12 534 1202 1146
47 24 671 1220 1056
12 84 842 1235 1124
69 1 961 1270 845
40 30 350 1078 1072
3 74 607 1171 1129
23 13 445 1245 1103
81 4 152 1156 1104
27 68 602 1182 1038
10 10 172 1033 1058
84 15 734 1183 1274
13 51 18 1151 838
35 4 278 1218 1107
21 83 126 1087 1238
25 22 201 1094 1176
82 37 443 1122 1188
43 21 696 1079 1111
53 25 575 1124 1059
1 15 449 1075 1187
75 14 254 1166 1040
39 32 855 1113 1154
4 12 853 1134 1258
24 85 102 1226 1204
51 19 931 1120 1089
15 85 770 1055 1140
54 8 875 1049 1054
2 34 303 1198 1262
41 5 401 1096 1087
22 47 640 1078 1091
5 43 559 1075 1257
66 13 820 1059 1133
69 16 355 1266 1132
2 83 440 1171 1183
3 65 28 1146 1268
23 8 237 1168 1201
6 54 86 1046 1107
27 75 997 1181 1221
10 51 173 1030 881
84 24 995 1189 1146
67 38 84 1228 369
82 15 991 1222 1140
35 27 507 1104 1076
60 15 4 1250 1118
25 29 492 1272 1076
6 71 560 1253 1110
82 30 973 1168 1058
63 10 980 1106 1201
52 14 737 1078 1053
14 7 144 1032 1207
1 6 882 1266 1233
39 23 223 1201 1156
26 4 682 1218 1245
29 25 424 1270 1105
51 14 943 1078 1241
54 1 199 1121 910
2 59 899 1153 1148
76 32 399 1155 1156
41 12 472 1184 1131
22 56 365 1242 1280
5 18 72 1137 1254
27 35 83 1223 1096
8 5 820 1085 1120
66 6 879 1100 1233
13 82 777 1259 1039
55 34 975 1095 1038
23 31 936 1082 1209
6 63 241 1026 1190
27 86 875 1182 1240
10 60 780 1058 1206
13 33 117 1033 1164
70 18 191 1164 1172
35 22 738 1221 1183
6 80 771 1065 1175
7 88 690 1190 377
11 27 250 1028 1134
28 53 514 1093 1130
88 25 398 1085 1249
1 29 802 1159 1273
39 10 482 1033 1183
78 35 27 1088 1100
26 5 874 1235 1145
9 77 310 1275 1223
64 20 483 1218 1111
29 24 863 1230 1181
51 5 566 1123 1189
54 10 213 1275 1114
2 52 737 1254 1127
76 21 636 1101 1181
22 49 950 1151 1180
5 25 903 1101 1112
79 4 62 1094 1053
27 46 201 1029 1094
66 31 501 1270 1136
3 83 98 1072 1070
42 22 537 1234 1157
23 18 121 1027 1097
6 40 200 1115 1170
80 33 441 1032 1263
10 61 150 1084 1166
40 12 299 1038 1076
38 34 877 1264 1158
6 73 352 1093 1130
7 79 906 1202 1186
11 6 236 1123 1255
85 13 63 1178 385
14 57 558 1196 1171
88 18 604 1045 1278
36 24 876 1270 1226
1 20 967 1272 1092
38 7 569 1149 1264
39 1 486 1120 947
26 14 985 1238 1024
64 25 869 1256 1177
26 79 642 1054 1082
73 17 881 1094 1091
54 19 333 1146 1131
19 85 19 1132 1188
2 53 710 1041 1255
76 14 335 1276 1215
22 58 592 1163 1094
5 8 63 1159 1201
79 11 607 1115 1161
27 53 926 1166 1105
66 24 90 1126 1263
52 37 83 1097 1030
3 46 518 1246 1074
23 41 420 1234 1273
6 33 689 1110 1200
10 38 666 1077 379
67 15 349 1234 1261
48 17 436 1178 1209
27 20 354 1170 1038
60 22 821 1100 1246
24 12 421 1251 1252
7 66 30 1049 1235
63 35 809 1055 1253
11 13 439 1110 325
36 29 566 1182 1189
61 13 94 1239 357
26 23 40 1079 1185
83 34 593 1046 1195
64 2 591 1067 1113
28 65 213 1052 1250
73 24 779 1159 1032
54 28 876 1262 1080
19 80 826 1057 1192
2 14 845 1092 1200
76 3 415 1065 1233
22 67 252 1093 1186
5 15 754 1080 1274
79 14 526 1165 1170
27 64 340 1264 1243
90 13 736 1176 357
55 11 139 1240 1176
3 37 528 1071 1087
23 36 537 1164 1027
6 42 585 1060 1230
28 85 688 1220 1034
67 10 586 1216 1081
48 26 854 1240 887
70 13 403 1257 366
57 16 829 1266 1212
24 1 281 1071 1257
7 57 292 1230 1230
63 38 738 1228 1052
46 20 237 1137 1210
11 56 808 1155 1210
85 19 50 1127 1033
36 6 527 1199 1075
26 32 494 1152 1183
83 25 227 1168 1274
64 15 647 1105 1120
12 29 928 1273 1265
2 7 70 1148 1196
22 76 127 1081 1141
23 76 315 1113 1128
79 21 650 1136 1173
27 7 935 1260 1112
40 27 111 1120 1254
55 14 861 1200 1267
82 22 278 1254 1251
3 64 41 1194 1185
77 27 393 1077 1276
23 59 397 1209 1060
6 19 907 1064 1169
10 88 576 1210 343
67 1 521 1046 955
1 74 424 1063 1227
57 23 610 1223 1182
21 5 709 1277 1062
24 26 451 1152 1162
7 52 331 1248 1100
46 13 205 1059 364
11 63 858 1125 394
85 26 219 1247 1034
68 36 731 1046 1141
33 16 710 1151 1069
14 36 448 1247 1156
36 11 225 1264 1044
4 86 736 1237 1125
83 20 316 1206 1268
2 32 520 1227 1175
22 85 235 1046 1054
23 67 67 1260 1086
79 32 604 1118 1052
27 2 254 1273 1074
49 31 970 1065 1126
30 21 759 1076 1119
26 33 842 1029 1278
55 5 375 1250 1145
3 55 391 1141 1141
77 18 737 1188 1095
23 62 817 1107 1145
6 28 430 1149 1078
80 5 235 1063 1125
28 35 5 1142 1252
11 87 919 1202 1122
67 28 863 1194 1027
16 87 136 1219 1123
1 65 452 1267 1152
21 4 934 1031 1113
25 71 926 1217 1090
24 23 455 1274 1149
7 43 349 1216 1201
11 58 430 1192 1046
71 24 999 1099 1168
5 85 860 1038 1193
61 26 243 1179 1005
83 11 261 1248 1105
12 11 694 1084 1279
86 16 174 1158 1229
51 36 259 1057 1229
73 13 8 1047 389
37 19 958 1141 1117
2 17 293 1268 1104
40 8 641 1153 1254
23 70 288 1217 1056
27 9 709 1251 1037
49 22 276 1029 1271
52 1 461 1167 889
74 20 643 1028 1168
55 32 584 1231 1166
3 50 590 1251 1258
77 9 901 1075 1198
23 53 244 1145 1181
6 5 734 1199 1112
80 14 951 1208 1206
28 60 656 1177 1088
11 82 248 1229 1134
67 19 603 1102 1128
31 21 248 1232 1220
53 34 253 1119 1238
1 72 593 1259 1057
21 11 449 1180 1024
4 51 846 1075 1168
25 78 908 1192 1271
24 48 797 1121 1032
7 46 482 1117 1223
65 37 652 1127 1055
11 33 128 1155 1251
68 18 64 1057 1055
14 86 29 1148 1265
71 15 282 1146 1245
4 68 308 1045 1064
5 84 729 1094 1152
61 17 543 1171 1277
83 6 218 1083 1271
64 38 587 1277 388
12 4 1000 1104 1133
82 14 434 1114 1138
37 26 955 1153 1049
62 16 264 1207 1194
26 68 952 1155 1031
8 88 912 1272 337
49 13 555 1113 1191
52 10 731 1063 1268
74 21 591 1190 1195
55 23 653 1129 1039
3 9 999 1106 1072
77 8 53 1193 1175
25 38 21 1264 1063
6 14 756 1077 1064
80 11 173 1175 1050
28 49 277 1105 1279
56 14 316 1204 1065
21 18 112 1106 1097
4 60 178 1205 1232
25 85 955 1059 1164
24 37 181 1157 1152
7 37 329 1260 1232
68 23 211 1040 1120
33 21 457 1213 1254
14 79 76 1172 1129
36 34 383 1100 1254
58 13 840 1214 325
4 73 194 1114 1050
9 30 53 1277 1194
64 35 497 1049 1225
12 57 642 1143 1169
86 18 905 1278 1148
26 88 858 1208 355
37 1 278 1142 921
23 88 253 1162 382
27 27 887 1027 1130
8 77 214 1095 1093
49 4 948 1217 1273
13 26 680 1024 898
52 15 188 1076 1099
3 4 322 1059 1268
25 45 561 1104 1057
80 20 631 1167 1049
28 10 384 1105 1172
26 59 666 1036 1240
1 86 718 1145 1146
21 25 114 1241 1088
4 33 582 1103 1032
78 26 157 1084 1164
43 14 924 1040 1256
24 62 716 1048 1141
7 32 298 1077 1158
68 32 306 1031 1075
58 22 128 1171 1190
22 8 967 1035 1053
5 66 493 1039 1172
9 5 454 1135 1120
8 53 264 1042 1257
34 13 50 1218 341
37 16 459 1175 1090
81 34 308 1196 1259
90 22 25 1278 1266
52 24 230 1096 1132
17 84 813 1073 1241
3 27 624 1054 1062
25 52 586 1252 1145
80 25 641 1143 1102
28 15 237 1233 1081
28 72 872 1194 1060
89 17 316 1220 1219
1 45 456 1180 1049
82 20 401 1104 1142
21 40 876 1039 1189
4 42 749 1244 1024
78 19 94 1190 1052
24 59 431 1164 1087
7 23 217 1234 1230
65 10 974 1036 1060
68 5 31 1099 1195
41 35 821 1135 1083
22 1 760 1193 1084
5 73 328 1163 1114
9 12 325 1123 1223
12 55 707 1255 1177
72 17 274 1097 1063
81 25 60 1275 1195
52 29 577 1220 1152
40 20 348 1036 1125
38 18 566 1198 1150
3 22 599 1097 1197
25 59 825 1063 1140
28 8 464 1053 1121
50 23 735 1242 1025
89 24 114 1047 1165
53 6 481 1244 1088
1 36 45 1118 1172
75 23 281 1045 1278
56 25 906 1141 1046
21 47 77 1117 1051
4 47 105 1264 1233
78 12 332 1258 1239
24 52 803 1091 1258
7 10 678 1209 1107
65 1 825 1031 922
68 14 328 1239 1254
26 71 249 1150 1130
54 35 833 1165 1246
22 10 591 1108 1052
5 56 226 1127 1178
44 21 733 1259 1062
9 51 676 1216 1027
69 21 135 1165 1030
59 15 340 1074 1244
40 33 342 1165 1039
81 32 933 1026 1232
62 20 897 1150 1149
13 7 566 1270 1162
26 42 197 1113 1204
18 86 130 1068 1073
20 77 623 1054 1120
21 71 293 1095 1076
25 2 16 1054 1082
63 19 353 1086 1118
28 29 585 1257 1051
50 16 49 1092 1236
53 13 777 1077 1208
1 59 288 1062 1054
75 18 798 1264 1117
56 18 427 1167 1141
21 54 546 1064 1068
4 24 301 1205 1080
78 5 595 1074 1234
45 17 717 1256 1089
24 73 124 1156 1155
7 1 140 1279 1131
65 8 350 1029 1098
28 73 452 1231 1186
32 25 389 1232 1271
38 25 842 1143 1082
41 17 590 1039 1206
22 19 129 1133 1036
5 63 957 1170 1248
44 14 569 1158 1136
9 58 815 1268 1151
8 36 423 1156 1053
12 37 821 1042 1026
69 20 458 1116 1053
34 24 327 1098 1227
37 37 943 1066 1178
2 79 488 1242 1215
81 23 254 1028 1098
10 31 270 1116 1178
28 48 308 1147 1102
13 62 911 1226 1122
35 15 197 1075 1062
18 79 418 1191 1164
20 86 509 1248 1227
21 78 423 1145 1251
77 35 743 1204 1214
25 9 359 1183 1033
63 22 620 1033 1054
28 22 583 1071 1210
50 1 897 1087 961
14 27 189 1192 1091
53 12 897 1241 1202
1 50 609 1203 1251
75 25 24 1265 1133
21 61 596 1246 1057
4 29 96 1207 1090
24 66 54 1268 1269
9 82 687 1043 1051
65 31 981 1037 1258
29 13 909 1102 386
15 76 164 1062 871
41 24 416 1040 1188
22 28 565 1156 1259
5 38 358 1090 1068
79 37 507 1218 1086
9 33 796 1166 1235
47 14 602 1118 1165
69 27 182 1039 1053
37 36 117 1236 1050
2 72 900 1192 1026
3 80 301 1133 1080
59 17 928 1230 1039
23 11 521 1222 1117
81 14 527 1087 1192
10 8 862 1036 1174
13 53 766 1244 1043
87 24 386 1110 1026
35 10 460 1055 1140
38 13 739 1030 1052
21 85 830 1195 1162
25 16 680 1048 1159
6 84 977 1108 1123
82 35 342 1274 1202
43 24 48 1066 1031
88 13 161 1036 366
53 19 911 1175 1083
1 9 389 1042 1037
21 60 112 1144 1213
4 6 986 1098 1203
26 49 964 1101 1217
65 22 163 1028 1159
51 25 905 1159 1060
32 15 389 1274 1077
15 83 164 1084 1270
2 48 282 1165 1155
41 31 875 1117 1043
22 37 786 1082 1255
5 45 257 1208 1260
66 11 860 1164 1261
47 21 419 1223 1261
12 83 651 1122 1240
69 2 810 1252 1080
3 71 431 1168 1219
23 14 183 1207 1170
81 5 581 1101 1265
27 65 803 1171 1077
10 9 211 1229 1036
84 18 97 1059 1251
13 52 900 1206 1206
35 1 827 1028 1101
21 84 955 1229 1108
25 23 459 1211 1204
82 28 406 1034 1028
63 8 286 1136 1227
14 13 659 1257 355
53 26 860 1265 1038
1 16 498 1135 1197
39 29 665 1202 1210
4 11 628 1274 1209
24 88 432 1043 367
74 26 265 1046 985
51 20 830 1225 1102
15 86 251 1257 1253
54 7 557 1250 1166
2 33 209 1130 1275
76 26 536 1047 1262
41 6 594 1131 1242
22 46 926 1227 1144
5 44 737 1274 1243
66 4 162 1174 1212
12 76 953 1044 950
69 9 363 1152 1212
2 82 898 1275 1242
3 66 905 1160 1073
23 5 320 1240 1171
6 53 832 1101 1135
27 76 980 1088 1129
28 76 531 1031 1025
84 23 487 1159 1107
67 35 940 1274 1151
70 24 823 1235 1195
35 28 422 1146 1202
25 30 539 1208 1187
6 70 685 1247 1076
82 29 510 1114 1242
63 15 52 1212 1271
28 54 139 1199 1223
14 6 936 1268 1040
1 7 16 1256 1027
39 24 175 1080 1145
26 3 826 1126 1055
64 22 698 1119 1046
29 26 806 1098 906
51 11 433 1185 1160
54 16 78 1068 1240
2 58 328 1111 1184
76 31 243 1224 1147
41 13 900 1053 1045
22 55 87 1124 1225
5 19 592 1153 1164
27 36 984 1277 1030
8 8 647 1263 1198
66 5 312 1095 1077
13 83 833 1136 1194
42 20 665 1273 1228
23 32 72 1164 1217
6 62 306 1252 1192
27 83 496 1204 1043
10 59 784 1224 1140
48 14 469 1092 1086
13 34 611 1269 1159
70 17 374 1173 1054
35 19 408 1135 1133
40 9 459 1210 1199
82 8 691 1072 1216
6 79 296 1072 1055
7 85 173 1233 1078
11 28 79 1230 1245
14 63 916 1069 324
36 18 302 1271 1189
1 30 700 1158 1121
39 15 655 1121 1088
78 34 769 1038 1107
26 12 860 1165 1276
9 78 258 1190 1229
64 19 531 1275 1218
29 17 180 1183 1224
51 6 4 1230 1031
26 80 158 1099 1146
34 26 193 1070 935
2 51 595 1190 1199
76 24 888 1279 1245
22 64 610 1036 1257
5 26 559 1256 1234
79 1 921 1139 1028
27 43 387 1136 1109
66 30 486 1137 1127
30 16 54 1086 1246
3 84 724 1271 1093
42 21 38 1035 1262
23 23 512 1159 1236
6 39 156 1244 1230
80 36 902 1167 1142
10 36 175 1086 1174
70 26 695 1142 925
38 33 876 1276 1211
24 14 510 1280 1130
7 80 435 1078 1263
11 3 949 1028 1152
85 14 783 1053 1048
50 38 762 1112 380
14 56 286 1040 1199
88 17 18 1035 1146
36 23 825 1075 1069
1 21 387 1161 1052
39 2 544 1209 1272
45 16 591 1267 1120
26 13 968 1070 1030
64 28 907 1160 1083
28 66 636 1257 1262
73 18 982 1126 1274
54 18 48 1217 1210
19 86 698 1226 1210
2 12 5 1190 1054
76 13 515 1147 1246
22 57 68 1191 1094
5 1 969 1122 1121
79 12 65 1279 1113
27 54 439 1228 1058
66 23 745 1043 1028
90 14 123 1071 1084
3 43 396 1267 1178
23 42 20 1097 1059
6 48 300 1116 1239
10 37 230 1195 1108
67 16 869 1156 1207
48 20 600 1139 1182
35 37 656 1275 1224
60 21 455 1037 1263
24 11 62 1252 1115
7 71 137 1088 1190
63 36 481 1060 1199
46 26 289 1132 945
85 21 942 1146 1215
36 32 251 1035 1047
61 14 331 1175 1144
26 22 442 1254 1140
83 31 988 1114 1087
64 1 778 1096 970
73 25 462 1201 1226
54 27 591 1095 1163
19 77 165 1115 1071
2 13 391 1119 1034
76 6 993 1252 1218
22 66 719 1177 1076
5 16 495 1042 1035
79 19 569 1267 1117
27 61 812 1235 1165
40 28 920 1247 1211
55 12 670 1056 1122
82 23 42 1183 1038
3 38 977 1194 1231
77 29 129 1029 1070
23 33 876 1091 1236
6 41 871 1070 1095
28 88 678 1069 333
67 7 85 1264 1078
48 25 28 1080 1039
57 17 875 1039 1206
24 4 670 1181 1093
7 58 233 1083 1067
46 19 803 1250 1208
11 53 80 1215 1240
85 20 79 1187 1271
36 5 887 1226 1082
26 31 483 1062 1204
83 26 170 370 871
64 10 774 1056 1031
12 32 69 1239 1061
2 6 70 1200 1083
22 75 276 1250 1162
23 73 64 1209 1201
79 22 157 1092 1198
27 8 811 1238 1046
49 25 37 1146 1135
38 6 926 1110 1180
26 34 989 1175 1216
55 3 938 1212 1261
3 61 164 1127 1095
77 28 735 1145 1068
42 16 368 1175 1187
23 60 239 1050 1095
6 18 530 1066 1136
10 87 204 1064 1125
67 2 672 1271 1130
1 75 524 1146 1088
57 24 402 1243 1123
21 6 568 1198 1243
25 65 540 1139 1223
24 25 749 1210 1254
7 49 581 1272 1079
52 20 44 1114 1247
68 35 381 1147 1130
14 35 621 1192 1155
36 14 898 1109 1034
4 85 871 1094 1054
83 17 449 1252 1226
37 21 430 1108 1170
2 31 123 1260 1173
22 84 928 1144 1149
23 68 249 1185 1091
79 29 600 1193 1216
27 15 2 1202 1207
49 32 886 1175 1092
30 20 504 1211 1135
55 6 104 1158 1275
3 56 325 1207 1267
77 19 615 1068 1173
23 51 164 1120 1152
6 27 988 1045 1240
80 8 153 1041 1233
28 38 442 1217 1044
11 88 635 1049 358
67 25 481 1250 1240
31 19 755 1089 1155
16 82 140 1130 1154
1 66 185 1215 1279
21 13 897 1078 1120
25 72 393 1276 1038
24 18 97 1134 1109
7 44 949 1181 1065
71 21 940 1169 1146
5 86 301 1168 1080
83 12 15 1098 1157
38 27 188 1175 1039
86 15 664 1174 1093
51 33 278 1199 1194
73 14 697 1201 1181
37 20 95 1134 1165
2 24 249 1140 1124
40 7 217 1252 1242
27 10 197 1039 1225
49 23 575 1052 1093
52 4 598 1041 1168
74 19 774 1059 1156
55 29 495 1038 1139
3 15 681 1203 1095
77 10 493 1214 1160
23 54 178 1256 1095
6 4 713 1244 1079
80 13 654 1059 1134
28 59 230 1063 1232
67 20 40 1178 1195
31 22 401 1239 1084
53 35 905 1270 1135
21 12 970 1176 1182
4 54 905 1250 1120
25 79 908 1148 1167
24 47 203 1226 1203
7 35 965 1217 1273
65 38 788 1179 370
11 34 782 1259 1167
68 17 446 1251 1195
14 85 829 1125 1067
71 16 511 1085 1047
39 37 570 1253 1236
4 67 726 1043 1150
61 18 430 1172 1220
83 3 302 1169 1222
64 37 818 1184 1208
12 3 967 1068 1136
86 24 401 1042 1031
26 81 594 1271 1146
37 27 823 1153 1026
76 34 586 1073 1278
62 15 463 1128 1118
27 17 524 1250 1076
8 87 149 1114 1199
49 14 893 1153 1244
52 9 776 1033 1063
55 24 840 1252 1028
3 10 617 1212 1048
77 1 804 1094 946
25 39 669 1059 1197
6 13 411 1265 1223
80 22 42 1045 1097
28 52 432 1187 1147
26 60 769 1188 1170
56 13 799 848 334
21 19 144 1235 1151
4 59 776 1073 1041
78 32 188 1132 1195
25 86 459 1172 1219
24 40 236 1089 1169
7 38 149 1217 1045
68 26 17 1262 1189
33 22 723 1080 1220
14 78 204 1230 1190
36 33 674 1202 1122
58 20 834 1204 1086
4 76 593 1200 1030
9 31 446 1043 1074
8 63 991 1149 348
12 60 98 1053 1179
86 17 50 1122 1035
37 2 376 1232 1156
23 85 904 1140 1140
27 28 94 1119 1183
8 80 456 1261 1061
49 5 45 1204 1228
13 27 580 1047 1147
52 18 883 1159 1203
3 1 890 1127 1059
25 46 898 1183 1091
80 19 14 1048 1114
28 9 797 1258 1050
50 28 863 1233 1045
1 87 858 1188 1243
21 26 53 1213 1180
4 36 424 1141 1258
78 25 931 1158 1256
24 61 147 1235 1256
7 29 302 1137 1197
68 31 727 1204 1153
58 21 38 1043 1028
22 7 84 1131 1234
5 67 501 1233 1165
44 26 663 1148 918
9 6 632 1246 1147
8 56 189 1255 1212
86 26 12 1051 928
37 9 595 1036 1095
81 35 670 1273 1167
50 4 692 1181 1096
52 23 880 1253 1057
17 85 376 1224 1275
40 17 466 1045 1037
38 24 886 1106 1274
3 28 761 1236 1239
25 53 756 1220 1240
80 28 271 1200 1026
28 2 221 1232 1235
11 76 152 1209 997
50 29 594 1134 1137
31 15 437 1100 1081
89 18 357 1189 1042
1 46 607 1204 1037
21 33 362 1060 1148
4 41 796 1247 1131
78 18 884 1183 1276
24 54 587 1229 1024
7 24 638 1187 1266
43 26 684 1255 958
68 8 854 1269 1025
26 72 37 1231 1158
28 71 788 1239 1256
41 36 646 1113 1189
22 16 564 1203 1266
5 74 564 1220 1039
9 13 393 1139 337
72 20 315 1127 1194
81 26 341 1107 1074
62 26 437 1108 886
13 9 687 1094 1076
26 43 873 1096 1109
17 76 261 1232 834
18 84 623 1083 1254
74 15 259 1095 1262
38 17 216 1045 1248
3 19 49 1025 1026
25 60 676 1108 1255
28 7 986 1036 1146
50 22 744 1053 1180
89 25 816 1241 1214
53 7 250 1118 1088
1 37 158 1064 1236
75 24 352 1132 1242
21 48 914 1155 1026
4 18 231 1178 1053
78 11 589 1220 1141
45 24 101 1259 1103
24 51 39 1100 1052
7 15 679 1145 1248
65 2 760 1204 1030
28 74 285 1123 1200
68 13 356 1251 1273
32 19 856 1035 1118
54 34 941 1275 1029
22 9 638 1037 1087
5 49 663 1194 1062
44 24 321 1191 1126
9 52 423 1068 1237
8 38 670 1063 369
69 22 754 1230 1053
59 16 922 1134 1164
40 36 600 1223 1200
81 17 416 1085 1261
62 19 187 1073 1254
28 45 625 1167 1154
13 8 531 1262 1043
18 85 484 1128 1069
20 80 459 1236 1053
21 72 147 1108 1212
77 37 498 1029 1108
25 3 544 1135 1189
63 20 188 1160 1132
28 32 801 1044 1231
50 15 7 1218 1259
53 14 102 1115 1183
1 60 955 1107 1157
56 17 521 1132 1257
21 55 392 1172 1123
4 23 286 1053 1055
78 4 212 1124 1256
24 76 570 1116 1067
7 2 810 1175 1142
65 25 128 1256 1064
41 18 861 1157 1036
22 18 207 1136 1155
5 64 474 1244 1248
79 35 647 1222 1062
44 13 14 1122 381
9 59 539 1220 1025
8 35 864 1064 1237
69 29 661 1269 1072
34 23 11 1193 1225
37 38 579 1203 322
2 78 970 1266 1187
59 23 160 1144 1274
81 24 125 1133 1167
63 9 726 1188 1186
10 30 947 1063 1072
49 33 8 1169 1126
13 63 768 1091 379
35 16 848 1206 1253
18 78 466 1044 1194
20 85 68 1270 1248
21 79 136 1079 1221
77 36 427 1076 1213
25 10 525 1185 1164
43 23 477 1204 1201
28 21 650 1274 1227
50 8 383 1117 1136
14 26 268 1080 846
53 21 550 1063 1257
1 51 988 1230 1128
75 26 837 1086 964
21 62 834 1064 1196
4 32 174 1179 1207
24 65 98 1197 1194
9 83 386 1225 1240
65 32 54 1098 1127
29 14 585 1174 1249
51 31 519 1113 1225
41 25 522 1118 1171
22 27 563 1055 1218
5 39 700 1119 1228
79 38 219 1172 338
9 34 142 1100 1030
8 28 293 1198 1169
47 19 550 1230 1027
69 28 210 1035 1097
2 71 865 1255 1080
3 77 241 1085 1273
59 18 826 1167 1103
23 12 789 1123 1235
81 15 779 1182 1180
27 71 475 1095 1119
10 7 816 1111 1228
13 54 804 1104 1130
87 21 68 1255 1162
35 7 798 1039 1183
38 12 494 1175 1188
21 86 55 1227 1042
25 17 209 1143 1116
6 83 246 1187 1028
82 34 802 1063 1190
63 30 495 1132 1198
26 61 541 1254 1025
53 20 535 1118 1106
1 10 321 1114 1065
39 27 747 1119 1094
4 5 339 1209 1085
28 68 692 1085 1043
26 56 303 1280 1094
65 23 740 1101 1258
51 26 675 1125 1237
15 84 904 1157 1040
90 16 402 1137 1214
2 47 533 1024 1211
41 32 427 1078 1117
22 36 7 1113 1141
5 46 457 1096 1235
66 10 502 1161 1205
47 22 833 1176 1038
12 86 728 1194 1066
69 3 664 1111 1036
3 72 445 1194 1196
59 25 211 1274 1046
23 3 566 1140 1188
81 6 326 1100 1203
27 66 811 1055 1194
84 17 86 1239 1280
35 2 131 1082 1148
25 24 475 1077 1228
82 27 169 1196 1245
63 5 173 1147 1158
14 12 731 1140 1032
53 27 77 1260 1052
1 1 91 1097 1208
39 30 42 1150 1125
4 14 523 1158 1154
24 87 486 1271 1267
51 17 843 1259 1083
54 6 694 1136 1166
2 40 850 1076 1037
76 25 343 1115 1213
41 7 615 1065 1264
22 45 890 1177 1100
5 21 703 1181 1085
8 10 330 1110 1147
66 3 653 1104 1085
13 85 142 1269 1084
69 10 17 1140 1085
2 81 351 1167 1098
23 6 438 1101 1036
6 52 856 1247 1246
27 73 464 1108 1160
28 75 168 1094 1114
84 26 42 1031 884
67 36 234 1276 1267
70 23 459 1180 1234
35 25 994 1156 1156
40 10 502 1123 1210
82 1 189 1206 856
25 31 7 1150 1265
6 69 521 1251 1078
7 83 745 1043 1258
63 16 145 1144 1168
14 5 269 1049 1111
1 8 459 1045 1136
39 21 285 1227 1098
26 2 216 1093 1043
64 21 85 1207 1078
51 12 594 1237 1049
26 73 166 1191 1084
54 15 98 1237 1063
38 2 923 1167 1182
2 57 334 1037 1138
76 18 84 1124 1271
41 14 172 1251 1059
22 54 960 1204 1122
5 20 786 1165 1028
27 33 909 1073 1030
8 7 104 1114 1074
66 28 103 1211 1081
13 84 112 1134 1240
42 19 841 1243 1195
23 29 652 1245 1041
6 61 664 1156 1156
80 38 48 1085 396
27 84 285 1230 1083
10 58 751 1273 1129
48 13 793 1210 354
13 35 400 1232 1224
35 20 903 1180 1235
60 26 866 1094 1030
6 78 804 1061 1253
7 86 817 1234 1092
50 36 374 1071 1185
14 62 614 1252 1198
36 17 386 1089 1155
1 31 741 1061 1158
39 16 799 1119 1093
78 33 425 1178 1271
45 15 970 1104 1165
26 11 845 1075 1031
9 79 262 1178 1174
64 30 301 1263 1145
29 18 574 1044 1208
28 79 285 1079 1078
51 3 605 1185 1099
54 24 414 1216 1213
2 50 274 1026 1124
76 23 102 1221 1251
22 63 782 1162 1192
5 27 745 1024 1178
79 2 211 1208 1155
32 14 289 1227 1162
27 44 214 1206 1273
66 29 710 1212 1082
30 15 81 1239 1264
90 15 718 1044 1030
52 34 289 1075 1055
3 81 217 1086 1114
23 24 403 1118 1169
6 38 225 1114 1135
80 35 822 1065 1161
10 35 118 1233 1048
48 22 678 1056 1111
70 25 751 1135 1126
24 13 278 1171 1206
7 77 266 1182 1186
11 4 626 1266 1160
85 15 965 1172 1151
50 37 822 1250 1155
14 55 592 1210 1078
88 20 573 1123 1226
36 26 405 1265 1252
1 22 243 1092 1071
39 7 91 1103 1097
26 20 441 1098 1135
83 37 720 1126 1057
64 27 812 1131 1259
73 19 805 1183 1218
54 17 345 1139 1207
19 83 986 1172 1170
2 11 268 1255 1108
76 16 96 1121 1053
22 72 288 1153 1194
5 2 726 1067 1072
79 9 844 1214 1067
27 51 504 1102 1076
66 22 302 1139 1224
40 25 775 1079 1143
82 24 869 1140 1171
3 44 962 1242 1264
23 47 465 1098 1104
6 47 577 1059 1100
28 82 115 1135 1062
67 13 38 1044 1175
48 19 708 1145 1110
35 38 174 1067 1277
60 24 560 1138 1174
24 6 422 1273 1137
7 72 699 1167 1077
43 18 597 1213 1138
46 25 498 1200 1066
11 11 200 1177 1143
85 22 278 1260 1205
36 31 96 1179 1228
61 15 376 1258 1115
26 21 645 1232 1268
83 32 931 1073 1092
64 4 836 1215 1106
12 26 491 1190 1040
73 26 95 1086 897
54 26 954 1253 1268
19 78 163 1220 1108
2 4 855 1114 1272
76 5 245 1164 1069
22 65 704 1247 1033
5 9 588 1131 1114
79 20 879 1092 1183
27 62 130 1039 1170
26 35 734 1238 1052
55 9 396 1170 1060
3 35 384 1037 1178
77 30 215 1109 1179
23 34 336 1256 1084
6 24 816 1105 1280
28 87 613 1163 1167
67 8 408 1135 1248
57 18 797 1062 1103
24 3 82 1033 1079
7 63 889 1058 1242
46 18 350 1247 1155
11 54 768 1091 1276
36 8 764 1233 1035
26 30 716 1266 1172
83 23 784 1266 1216
64 9 580 1137 1047
12 31 107 1171 1149
2 5 844 1028 1248
22 74 319 1086 1273
23 74 486 1197 1207
79 27 306 1029 1084
27 5 456 1188 1202
49 26 824 1028 1109
30 26 726 1240 1029
55 4 898 1029 1053
3 62 831 1252 1197
77 21 371 1240 1144
42 15 543 1217 1183
23 57 280 1246 1205
6 17 138 1080 1115
10 86 226 1217 1198
67 31 276 1172 1199
16 76 664 1071 1035
1 76 139 1202 1244
57 25 80 1089 1130
21 7 946 1153 1173
25 66 197 1135 1071
24 28 765 1163 1187
7 50 766 1220 1135
11 61 608 1166 1154
68 38 699 1280 341
14 34 83 1072 1242
71 19 950 1240 1212
36 13 430 1214 1077
4 88 726 1263 367
83 18 524 1153 1028
37 22 658 1194 1247
2 30 818 1050 1040
22 83 849 1253 1279
23 65 964 1025 1077
79 30 417 1137 1075
27 16 498 1262 1140
49 17 373 1029 1072
30 19 828 1245 1230
55 27 621 1036 1212
3 53 429 1065 1120
77 20 366 1080 1087
23 52 277 1265 1161
6 26 699 1107 1108
80 7 970 1044 1221
28 37 83 1096 1079
11 85 413 1273 1173
67 26 496 1089 1191
31 20 331 1131 1116
53 37 727 1044 1191
16 81 253 1057 1222
1 67 690 1099 1263
21 14 92 1201 1139
25 73 243 1102 1066
24 17 354 1033 1065
7 41 876 1173 1025
33 25 923 1112 1217
71 22 898 1271 1121
39 35 439 1042 1092
5 87 296 1105 1269
83 9 955 1159 1140
12 13 180 1085 352
86 14 298 1170 1083
51 34 750 1243 1271
26 82 697 1190 1184
73 15 914 1052 1062
37 29 56 1114 1191
2 23 898 1127 1184
40 2 559 1276 1136
27 23 343 1134 1205
49 24 696 1059 1134
50 30 568 1057 1215
52 3 861 1071 1179
74 18 784 1080 1030
55 30 661 1161 1271
3 16 217 1257 1041
77 11 238 1267 1230
25 33 978 1049 1073
6 3 148 1204 1115
80 16 180 1056 1232
28 62 369 1132 1160
67 17 228 1179 1280
53 36 320 1269 1251
21 21 126 1243 1130
4 53 693 1235 1143
25 80 94 1048 1268
24 42 153 1154 1213
7 36 302 1202 1216
68 20 448 1059 1176
14 84 938 1108 1268
71 13 969 1166 322
39 38 278 1171 385
4 70 282 1113 1163
61 19 670 1129 1242
83 4 886 1185 1027
12 6 465 1239 1217
86 23 671 1257 1060
37 28 890 1218 1102
76 33 708 1099 1217
23 83 687 1087 1092
62 14 856 1127 1095
27 18 258 1155 1237
8 82 914 1032 1029
49 15 312 1249 1038
13 29 664 1118 1111
52 12 748 1192 1098
55 21 235 1278 1177
3 7 215 1037 1044
77 2 285 1070 1128
25 40 221 1080 1216
6 12 707 1167 1138
80 21 796 1047 1193
28 51 969 1169 1087
1 81 430 1071 1231
56 16 701 1118 1250
21 20 983 1088 1200
4 62 741 1047 1246
78 31 716 1185 1269
25 87 673 1144 1030
24 39 700 1079 1269
7 27 294 1079 1240
82 4 374 1138 1028
68 25 712 1038 1267
33 23 238 1072 1235
14 77 387 1275 1247
36 36 109 1038 1269
58 19 458 1040 1112
4 75 757 1221 1200
5 69 840 1190 1194
90 23 130 1179 1145
9 32 462 1263 1169
8 58 610 1107 1162
12 59 792 1173 1169
37 3 814 1064 1121
23 86 231 1203 1084
27 25 131 1154 1048
8 79 788 1028 1203
49 6 895 1038 1144
13 28 342 1031 1067
52 17 825 1213 1036
40 18 760 1058 1167
82 9 380 1046 1160
3 2 205 1249 1146
25 47 187 1082 1170
80 30 757 1220 1157
28 12 320 1225 1089
50 27 622 1230 1029
1 88 849 1128 1083
21 27 510 1081 1079
4 35 983 1132 1135
78 24 701 1278 1268
24 64 137 1097 1110
7 30 258 1025 1058
43 25 320 1072 1031
68 2 365 1117 1192
26 65 961 1086 1230
22 6 659 1126 1087
5 68 945 1243 1106
44 25 806 1214 1024
9 7 975 1218 1192
8 55 836 1264 1226
12 52 436 1164 1183
86 25 209 1058 1098
69 33 295 1262 1086
72 22 223 1068 1187
37 10 491 1169 1070
81 36 95 1201 1216
26 44 858 1165 1028
17 86 325 1254 1218
38 23 104 1267 1186
3 25 214 1189 1041
25 54 256 1043 1254
80 27 460 1178 1183
28 1 602 1260 1056
50 20 751 1060 1095
31 16 110 1194 1130
89 19 662 1237 1232
1 47 5 1090 1164
21 34 347 1079 1164
4 44 887 1197 1152
78 17 358 1028 1205
45 23 120 1042 1125
24 53 340 1142 1050
7 21 601 1259 1180
65 12 981 1036 1133
52 26 982 1055 1136
68 7 894 1208 1174
32 21 389 1213 1184
84 22 717 1053 1078
41 37 216 1229 1181
22 15 151 1195 1078
5 75 59 1072 1209
44 18 557 1247 1149
38 4 512 1142 1228
38 8 311 1041 1239
72 19 201 1177 1217
40 38 3 1036 369
81 27 934 1263 1164
62 25 79 1141 1091
28 46 475 1211 1276
13 10 135 1236 1161
52 31 146 1059 1028
17 77 655 1275 1043
18 83 259 1128 1078
74 14 958 1219 1248
38 32 897 1064 1131
3 20 862 1278 1151
25 61 249 1253 1093
28 26 157 360 963
50 21 68 1236 1111
89 26 413 1102 930
53 8 710 1168 1055
1 38 607 1106 1059
75 21 441 1221 1073
21 41 992 1211 1108
4 17 752 1265 1095
78 10 645 1240 1215
24 78 282 1041 1251
7 16 860 1190 1225
65 3 47 1172 1160
68 16 778 1173 1033
54 33 846 1219 1110
22 24 932 1122 1074
5 50 204 1147 1218
44 23 647 1269 1154
9 53 224 1243 1148
8 37 141 1204 1233
66 38 868 1232 394
12 34 245 1250 1059
69 23 734 1239 1245
2 76 190 1177 1131
59 13 664 1243 375
40 35 570 1204 1121
81 18 108 1251 1225
62 18 634 1216 1045
10 28 330 1131 1241
13 1 400 1105 1023
18 76 989 1271 1039
20 79 198 1191 1244
21 65 875 1098 1052
77 38 549 1191 366
25 4 303 1133 1275
63 17 954 1126 1192
28 31 904 1208 1037
50 14 376 1223 1224
14 32 124 1280 1215
53 15 592 1098 1059
1 61 222 1223 1072
56 20 1000 1059 1253
21 56 584 1098 1071
4 26 11 1056 1098
78 3 655 1126 1229
24 75 968 1069 1065
7 7 229 1097 1037
65 26 16 1101 1032
41 19 329 1211 1027
22 17 176 1210 1164
5 57 827 1140 1270
79 36 454 1220 1259
44 16 764 1037 1271
9 60 658 1195 1061
8 30 720 1185 1263
69 30 151 1229 1233
34 22 585 1168 1278
2 77 102 1070 1174
59 24 779 1244 1041
81 9 857 1158 1038
10 29 14 1199 1090
49 34 216 1278 1028
87 19 568 1126 1224
35 13 838 1074 1143
18 77 72 1176 1136
20 88 180 1208 345
21 80 973 1205 1270
25 11 399 1027 1110
63 28 417 1110 1158
28 24 487 1129 1277
50 7 528 1163 1143
26 62 521 1026 1240
53 22 368 1024 1070
1 52 652 1045 1182
21 63 915 1150 1152
4 31 223 1198 1118
24 68 134 1176 1070
9 84 437 1212 1178
65 17 828 1173 1267
29 15 949 1027 1210
51 32 748 1059 1143
41 26 828 1190 1175
22 26 766 1052 1150
5 40 133 1219 1053
9 35 189 1277 1214
8 27 539 1204 1168
47 20 639 1054 1208
69 5 643 1121 1036
2 70 966 1138 1268
3 78 829 1176 1248
67 12 672 1232 1211
23 9 279 1055 1094
81 16 92 1088 1242
27 72 955 1028 1279
10 6 521 1242 1253
13 55 406 1248 1188
87 22 548 1249 1225
35 8 445 1065 1029
38 11 792 1091 1124
21 87 623 1033 1140
25 18 790 1228 1266
6 82 837 1217 1158
82 33 229 1265 1044
63 3 837 1088 1269
88 15 112 1280 1107
53 29 405 1183 1117
1 11 316 1060 1273
39 28 663 1175 1227
4 8 627 1210 1067
26 55 760 1201 1216
65 24 240 1181 1141
51 23 366 1093 1237
15 81 442 1183 1230
2 46 45 1161 1140
41 1 584 1117 960
22 35 332 1048 1245
5 47 580 1137 1170
66 9 817 1200 1273
12 85 635 1240 1074
69 4 106 1146 1131
3 69 322 1087 1222
59 26 635 1115 997
23 4 808 1186 1222
81 7 936 1226 1125
27 79 756 1070 1232
84 20 967 1058 1058
35 31 850 1101 1214
40 15 935 1147 1113
82 2 302 1037 1118
45 21 340 1043 1127
25 25 899 1270 1168
82 26 490 1173 1111
63 6 335 1177 1092
14 11 593 1163 1264
53 28 450 1050 1053
1 2 196 1191 1054
39 19 728 1062 1122
4 13 918 1260 1143
24 82 48 1124 1068
51 18 631 1262 1063
26 74 930 1157 1142
54 5 547 1165 1195
2 39 939 1114 1060
76 28 973 1243 1268
41 8 675 1131 1162
22 44 293 1181 1075
5 22 236 1084 1262
27 39 199 1049 1220
8 9 892 1031 1110
66 2 314 1183 1279
12 78 337 1214 1244
13 86 938 1232 1243
69 11 5 1231 1208
2 88 365 1041 382
23 27 520 1229 1120
6 51 950 1092 1211
27 74 661 1102 1032
10 56 62 1268 1030
84 25 551 1101 1239
67 33 553 1154 1170
13 37 539 1060 1105
26 45 692 1144 1233
35 26 906 1183 1088
25 32 309 1132 1098
6 68 618 1228 1051
7 84 87 1215 1135
63 13 179 1151 1062
11 31 738 1040 1046
14 4 162 1086 1247
1 25 523 1218 1193
39 22 27 1066 1056
45 14 442 1223 1188
26 1 518 1044 1041
64 24 695 1188 1180
28 80 858 1107 1174
51 9 546 1177 1118
54 14 730 1051 1206
2 64 146 1165 1218
76 17 608 1089 1248
41 15 29 1231 1150
22 53 231 1055 1110
5 29 400 1102 1151
27 34 464 1063 1027
8 2 347 1051 1231
66 27 573 1270 1075
13 77 141 1270 1227
55 37 972 1275 1164
3 87 79 1148 1089
42 18 537 1106 1252
23 30 844 1240 1131
6 60 779 1113 1036
80 37 172 1091 1026
27 81 847 1040 1132
10 57 845 1277 1071
48 16 906 1100 1106
13 36 552 1200 1126
35 17 432 1028 1131
38 38 50 1028 388
60 25 198 1057 1041
6 77 709 1220 1082
7 75 391 1250 1204
11 26 404 1270 890
50 35 647 1176 1262
14 61 381 1252 1138
88 22 996 1078 1040
36 20 930 1028 1179
1 32 789 1280 1150
39 13 420 1081 1277
26 10 931 1038 1247
9 80 924 1260 1038
64 29 465 1061 1080
29 19 758 1128 1037
51 4 437 1279 1223
54 23 91 1176 1130
2 49 890 1268 1230
76 10 899 1211 1119
22 62 499 1037 1066
5 28 288 1082 1066
79 7 118 1084 1204
27 41 686 1118 1233
66 20 400 1118 1170
30 14 866 1251 1140
13 76 924 1050 1009
52 33 559 1244 1085
40 26 960 1043 1168
82 17 703 1241 1179
3 82 981 1064 1174
23 21 151 1084 1053
6 37 503 1083 1079
10 34 399 1141 1263
48 21 172 1118 1102
74 24 861 1155 1193
60 18 705 1244 1249
24 16 677 1089 1046
7 78 652 1208 1168
43 17 688 1056 1218
11 1 960 1177 972
85 16 995 1127 1200
14 54 906 1231 1085
88 19 172 1237 1158
36 25 289 1199 1219
1 23 777 1253 1244
39 8 372 1225 1168
26 19 41 1218 1076
83 38 542 1162 396
64 6 94 1175 1138
73 20 625 1133 1121
54 32 213 1089 1225
19 84 350 1068 1120
2 10 932 1192 1254
76 15 778 1167 1135
22 71 826 1055 1037
5 3 428 1099 1275
79 10 233 1267 1219
27 52 627 1260 1233
66 21 624 1202 1153
26 36 287 1075 1185
3 41 834 1152 1081
23 48 474 1116 1139
6 46 69 1267 1110
28 81 939 1234 1160
67 14 280 1107 1231
35 35 620 1219 1145
60 23 340 1214 1210
24 5 108 1266 1074
7 69 371 1118 1243
63 34 860 1142 1226
46 24 377 1152 1132
11 12 889 1225 1059
85 23 393 1225 1176
36 2 83 1189 1255
61 16 162 1233 1212
26 28 819 1098 1024
83 29 760 1089 1199
64 3 966 1240 1138
54 25 636 1238 1092
2 3 219 1142 1248
76 8 836 1126 1042
22 80 797 1160 1161
5 10 696 1211 1239
79 17 385 1103 1162
27 59 83 1100 1182
55 10 293 1198 1077
3 36 507 1189 1065
77 31 581 1118 1047
23 39 320 1253 1224
6 23 963 1161 1103
10 84 793 1048 1226
67 5 860 1026 1106
16 78 746 1055 1067
57 19 655 1249 1270
24 30 189 1165 1032
7 64 797 1114 1179
46 17 839 1029 1216
11 51 799 1054 876
71 25 557 1062 1045
36 7 885 1154 1248
4 82 996 1106 1257
26 29 897 1119 1101
83 24 428 1190 1270
64 12 30 1203 1259
2 28 369 1257 1250
22 73 59 1038 1102
23 79 249 1203 1103
79 28 335 1240 1164
27 6 746 1082 1271
49 27 283 1204 1219
30 25 641 1139 1056
55 1 687 1082 925
3 59 484 1242 1225
77 22 952 1190 1199
42 14 822 1081 1205
23 58 88 1030 1039
6 32 432 1074 1039
10 85 835 1185 1207
67 32 40 1112 1026
1 77 330 1222 1091
57 26 1000 1128 1033
21 8 583 1113 1212
25 67 928 1098 1101
24 27 776 1042 1136
7 55 626 1196 1119
11 62 615 1266 1131
68 37 17 1133 1233
14 33 389 1117 1112
71 20 739 1052 1278
36 16 918 1105 1277
4 87 983 1120 1171
83 15 500 1202 1279
26 83 526 1218 1106
37 23 353 1134 1090
2 29 173 1054 1031
22 82 570 1218 1071
23 66 87 1268 1190
27 13 116 1169 1273
49 18 896 1184 1247
30 18 741 1104 1255
55 28 891 1270 1153
3 54 775 1103 1038
77 13 938 1065 1246
23 49 921 1261 1151
6 25 791 1116 1094
80 2 350 1091 1120
28 40 308 1262 1202
11 86 315 1128 1241
67 23 339 1250 1198
31 17 774 1203 1090
53 38 774 1052 390
16 84 339 1146 1205
1 68 436 1201 1177
21 15 571 1210 1202
25 74 511 1083 1177
24 20 639 1079 1262
7 42 671 1144 1027
65 33 210 1059 1059
11 37 33 1027 1166
33 26 559 1215 1001
39 36 899 1267 1101
5 88 131 1201 342
61 21 684 1236 1243
83 10 173 1148 1256
28 69 137 1052 1093
86 13 258 1271 371
73 16 796 1256 1063
37 30 965 1141 1255
2 22 82 1235 1142
40 1 82 1166 946
27 24 653 1130 1267
49 9 246 1031 1132
90 17 947 1071 1174
52 6 865 1142 1058
74 17 715 1122 1234
55 19 243 1200 1183
3 13 804 1165 1116
77 12 58 1210 1066
25 34 20 1046 1143
6 2 418 1234 1043
80 15 879 1093 1061
28 61 140 1166 1128
67 18 155 1093 1186
21 22 414 1188 1091
4 56 473 1135 1262
25 81 553 1137 1035
24 41 505 1085 1243
7 33 84 1269 1190
68 19 495 1144 1182
33 17 972 1072 1176
14 83 83 1212 1189
71 14 999 1026 1158
4 69 368 1220 1180
61 20 507 1043 1220
9 26 264 1098 915
83 1 647 1144 882
12 5 69 1162 1230
86 22 31 1112 1220
37 5 257 1124 1111
76 36 225 1242 1200
23 84 830 1173 1228
62 13 286 1029 331
27 31 863 1040 1026
8 81 898 1130 1183
49 16 673 1135 1251
13 30 981 1267 1172
52 11 327 1082 1035
40 23 465 1208 1226
55 22 510 1122 1241
82 10 936 1172 1056
3 8 954 1242 1146
77 3 28 1244 1073
25 41 45 1102 1206
6 11 856 1213 1044
80 24 977 1203 1253
10 80 141 1132 1043
1 82 454 1130 1196
56 15 704 1081 1090
21 29 704 1048 1211
4 61 67 1223 1246
78 30 135 1237 1225
25 88 44 1050 371
24 34 26 1051 1036
7 28 15 1270 1256
68 28 552 1158 1197
33 24 347 1170 1109
14 76 950 1047 846
36 35 513 1257 1252
58 18 871 1167 1038
4 78 908 1067 1103
5 70 622 1268 1239
9 1 512 1129 855
8 57 692 1253 1132
12 62 190 1051 1050
37 4 877 1200 1186
27 26 758 1252 1121
49 7 320 1116 1214
26 37 689 1035 1212
3 31 311 1205 1029
25 48 318 1070 1144
80 29 192 1103 1265
28 11 338 1163 1093
11 79 27 1086 1189
50 26 719 1266 1229
89 13 778 1162 328
1 41 622 1192 1069
21 28 633 1059 1096
4 38 675 1032 1204
78 23 684 1164 1124
45 22 861 1196 1176
24 63 505 1093 1185
7 19 469 1216 1260
68 1 686 1107 999
22 5 992 1045 1231
5 77 425 1169 1231
9 8 723 1275 1116
12 51 368 1241 970
69 34 38 1164 1091
72 21 637 1171 1247
37 11 807 1135 1224
81 37 901 1084 1143
28 43 77 1158 1274
87 15 196 1092 1196
52 25 172 1133 1154
17 87 55 1177 1255
38 22 457 1216 1133
3 26 359 1104 1079
25 55 382 1147 1155
28 4 946 1165 1243
50 19 335 1072 1130
31 13 665 1044 353
89 20 426 1030 1124
1 48 460 1246 1207
26 67 866 1114 1236
21 35 747 1231 1232
4 43 494 1213 1223
78 16 673 1238 1259
24 56 744 1179 1127
7 22 516 1245 1207
65 13 372 1280 1127
68 10 415 1186 1243
32 24 440 1052 1087
41 38 210 1162 372
22 14 350 1176 1065
5 76 827 1090 1024
44 17 422 1207 1174
66 36 263 1095 1249
72 14 951 1080 1188
40 37 316 1201 1102
81 28 249 1255 1206
62 24 312 1107 1163
13 11 594 1248 1112
17 78 88 1031 1207
18 82 737 1216 1081
74 13 727 1168 390
38 31 475 1078 1255
3 17 903 1144 1190
25 62 241 1117 1160
28 25 836 1069 1111
50 12 559 1225 1250
53 1 199 1258 851
1 39 859 1114 1128
75 22 255 1201 1104
56 22 779 1244 1093
21 42 761 1241 1208
4 20 554 1128 1074
78 9 860 1232 1139
24 77 488 1085 1232
7 13 470 1075 1234
65 4 338 1275 1235
68 15 952 1277 1133
22 23 67 1232 1125
5 51 430 1199 1224
9 54 706 1062 1084
66 37 424 1233 1230
12 33 945 1053 1128
69 24 329 1158 1032
34 20 456 1058 1074
2 75 864 1061 1081
59 14 262 1138 1203
81 19 270 1256 1228
62 17 633 1274 1070
65 11 694 1027 1206
10 27 1000 1251 1065
13 2 852 1137 1119
87 25 511 1035 1158
20 82 434 1171 1098
21 66 170 1149 1032
25 5 826 1128 1227
63 18 343 1258 1232
28 18 538 1264 1054
50 13 865 1244 1235
14 31 575 1182 1168
26 63 846 1126 1165
53 16 802 1183 1205
1 62 801 1173 1136
56 19 166 1135 1279
21 49 707 1258 1092
4 25 512 1202 1243
78 2 605 1165 1124
24 70 893 1220 1175
7 8 885 1106 1024
65 27 468 1062 1198
41 20 115 1113 1202
22 32 36 1209 1083
5 58 480 1043 1246
79 33 21 1113 1243
44 15 856 1159 1103
9 61 894 1209 1277
8 29 426 1266 1279
82 19 665 1090 1243
69 31 117 1259 1232
34 21 450 1096 1096
2 68 711 1166 1111
59 21 652 1237 1165
81 10 836 1081 1274
10 4 8 1261 1252
49 35 642 1164 1147
13 57 915 1206 1185
87 20 791 1252 1102
35 14 645 1146 1113
20 87 78 1112 1155
21 73 283 1197 1270
25 12 138 1091 1192
6 88 961 1160 372
63 25 405 1143 1256
28 23 576 1037 1253
50 6 530 1257 1181
52 8 183 1221 1107
53 23 580 1186 1027
1 53 317 1250 1239
21 64 264 1192 1097
4 2 128 1068 1030
24 67 34 1262 1049
9 85 754 1168 1214
65 18 725 1242 1055
29 16 966 1233 1098
51 29 239 1187 1181
15 79 260 1251 1065
2 44 518 1129 1143
41 27 570 1209 1204
22 25 421 1184 1098
5 33 569 1223 1194
9 36 643 1075 1047
47 17 690 1274 1269
69 6 34 1047 1218
2 69 935 1047 1207
3 75 318 1087 1116
23 10 80 1051 1126
81 1 130 1051 930
27 69 938 1181 1171
10 5 816 1146 1077
84 14 28 1055 1280
13 56 571 1130 1030
35 5 410 1121 1137
40 16 695 1125 1207
38 10 328 1073 1104
21 88 75 1067 364
25 19 546 1200 1195
6 81 141 1046 1173
63 4 927 1110 1129
53 30 360 1219 1250
1 12 65 1064 1146
75 15 108 1031 1108
39 25 231 1179 1154
4 7 500 1033 1089
26 54 123 1060 1068
51 24 69 1215 1188
26 75 231 1191 1067
15 82 293 1054 1122
2 45 485 1100 1223
41 2 555 1275 1252
22 34 169 1067 1065
5 48 993 1249 1207
66 16 321 1032 1218
12 88 993 1159 349
69 13 856 72 353
3 70 973 1066 1041
23 1 697 1197 1027
81 8 928 1149 1048
27 80 970 1149 1143
84 19 411 1048 1124
26 46 883 1199 1111
35 32 723 1152 1174
60 14 709 1267 1228
25 26 699 1117 1189
82 25 305 1203 1057
63 11 834 1265 1139
14 10 383 1174 1110
1 3 672 1108 1085
39 20 338 1100 1191
4 16 165 1268 1258
45 13 566 1163 381
24 81 276 1280 1178
52 32 571 1154 1150
28 77 892 1140 1132
51 15 721 1231 1036
90 26 296 1139 1021
54 4 396 1197 1275
2 38 797 1134 1275
76 27 581 1113 1090
41 9 41 1146 1156
22 43 316 1196 1232
5 23 688 1027 1059
27 40 746 1073 1032
8 12 357 1264 1103
66 1 570 1120 885
12 77 403 1177 1053
13 87 894 1073 1236
69 12 687 1182 1053
55 35 377 1201 1175
2 87 720 1168 1201
23 28 694 1195 1024
6 50 580 1208 1106
27 87 990 1211 1128
10 55 279 1226 1262
67 34 506 1068 1154
13 38 607 1274 335
70 21 296 1032 1221
35 23 671 1278 1106
6 67 816 1111 1244
7 81 964 1236 1147
63 14 373 1090 1104
11 32 451 1129 1226
14 3 437 1139 1041
1 26 465 1136 1131
39 11 288 1257 1176
78 38 722 1203 373
26 8 181 1152 1096
64 23 384 1164 1135
29 21 251 1054 1244
51 10 968 1188 1146
54 13 599 1024 1279
2 63 391 1039 1053
76 20 887 1173 1103
41 16 842 1115 1269
22 52 894 1277 1197
5 30 405 1100 1029
27 47 156 1251 1273
8 1 568 1182 1024
66 26 293 1174 1177
13 78 640 1063 1067
40 31 41 1218 1146
55 38 191 1136 322
82 18 272 1065 1186
3 88 153 1231 376
42 17 681 1098 1227
23 19 741 1185 1097
6 59 74 1144 1237
27 82 147 1049 1244
28 70 923 1128 1220
48 15 368 1177 1204
35 18 941 1219 1214
38 37 978 1245 1058
6 76 569 1181 1041
7 76 784 1059 1030
43 20 293 1215 1175
11 7 242 1193 1209
50 34 590 1060 1042
14 60 580 1199 1147
88 21 701 1245 1078
36 19 157 1200 1219
1 17 228 1107 1127
39 14 905 1205 1049
26 9 789 1169 1251
64 32 278 1125 1146
29 20 240 1202 1145
51 1 376 1231 903
54 22 775 1243 1075
2 56 480 1266 1176
76 9 120 1172 1145
22 61 644 1065 1189
5 5 640 1228 1264
79 8 136 1108 1118
27 42 990 1080 1272
66 19 972 1073 1198
30 13 462 1181 335
52 36 824 1027 1055
3 47 236 1057 1236
42 26 743 644 857
23 22 452 1260 1165
6 36 745 1278 1153
10 33 84 1097 1059
48 24 815 1093 1241
60 17 247 1098 1137
24 15 877 1182 1231
7 67 592 1028 1240
11 2 138 1063 1131
14 53 299 1266 1235
36 28 609 1041 1128
1 24 69 1242 1115
39 5 929 1035 1212
26 18 748 1061 1158
83 35 984 1252 1232
64 5 873 1157 1269
73 21 626 1064 1082
54 31 530 1079 1086
19 81 894 1196 1117
2 9 325 1218 1085
76 2 239 1114 1043
22 70 903 1088 1128
5 4 453 1153 1225
79 15 307 1153 1168
27 49 586 1264 1095
3 42 331 1155 1089
23 45 485 1270 1272
6 45 314 1036 1060
28 84 945 1212 1223
67 11 320 1047 1201
70 16 138 1206 1274
35 36 591 1105 1115
57 13 941 1223 369
24 8 246 1114 1077
7 70 351 1240 1213
46 23 873 1133 1161
11 9 160 1274 1039
85 24 240 1030 1278
45 25 830 1144 1242
36 1 335 1165 930
26 27 981 1170 1121
83 30 195 1116 1206
64 14 193 1186 1182
12 28 353 1185 1035
57 14 963 1225 1089
19 76 764 1241 904
2 2 452 1163 1264
76 7 937 1169 1134
22 79 84 1041 1029
5 11 283 1029 1272
79 18 79 1196 1089
27 60 278 1261 1169
55 15 887 1093 1156
3 33 634 1155 1237
77 32 837 1192 1261
23 40 572 1139 1256
6 22 744 1221 1082
10 83 6 1191 1264
67 6 825 1040 1187
16 77 333 1234 1261
57 20 846 1237 1031
56 38 11 1041 387
24 29 86 1115 1039
7 61 161 1047 1153
46 16 372 1252 1242
11 52 967 1128 1141
33 13 794 1227 334
71 26 582 1280 971
36 10 765 1061 1046
4 81 335 1268 1102
83 21 403 1265 1249
64 11 532 1191 1069
26 84 464 1124 1064
2 27 122 1206 1194
22 88 501 1203 351
23 80 113 1114 1107
79 25 817 1190 1111
27 3 946 1128 1217
49 28 702 1111 1090
30 24 610 1163 1032
55 2 998 1229 1042
3 60 337 1076 1103
77 23 697 1212 1079
42 13 243 639 356
23 63 310 1167 1158
6 31 942 1030 1277
28 34 773 1076 1061
67 29 490 1136 1100
16 86 702 1262 1120
1 78 111 1114 1274
21 1 199 1148 1135
25 68 294 1073 1094
24 22 951 1188 1261
7 56 428 1237 1221
11 59 642 1159 1109
71 17 96 1046 1064
36 15 635 1178 1175
83 16 219 1122 1134
12 10 940 1181 1122
51 37 48 1039 1231
37 24 830 1209 1075
2 20 770 1063 1160
22 81 428 1189 1090
23 71 297 1103 1106
27 14 877 1250 1173
49 19 993 1222 1110
30 17 923 1231 1168
90 18 956 1152 1083
55 25 132 1044 1109
3 51 331 1065 1107
77 14 628 1211 1199
23 50 126 1249 1171
6 8 542 1130 1140
80 1 584 1091 881
28 39 503 1096 1255
11 83 651 1130 1208
67 24 981 1220 1038
31 18 673 1151 1030
16 83 332 1244 1058
1 69 608 1201 1034
21 16 535 1265 1110
4 50 370 1208 1119
25 75 656 1066 1089
24 19 325 1157 1065
7 47 27 1242 1117
65 34 559 1075 1084
11 38 159 1154 372
32 22 346 1085 1222
5 81 495 1274 1040
61 22 453 1181 1245
83 7 398 1051 1097
82 7 192 1106 1106
37 31 997 1036 1128
2 21 144 1098 1235
40 4 73 1270 1118
27 21 184 1257 1277
49 10 343 1158 1143
63 33 584 1124 1035
52 5 209 1243 1085
40 24 971 1245 1198
55 20 544 1256 1216
82 11 135 1217 1185
3 14 788 1141 1257
77 5 408 1132 1088
25 35 467 1081 1254
6 1 415 1090 1148
80 10 458 1156 1191
28 64 532 1112 1118
31 25 518 1050 1164
21 23 974 1037 1275
4 55 212 1118 1049
25 82 233 1142 1259
24 44 825 1120 1271
7 34 818 1104 1259
68 22 903 1159 1105
33 18 130 1095 1111
14 82 111 1241 1142
58 16 639 1150 1167
4 72 230 1152 1169
9 27 384 1186 1140
83 2 143 1202 1245
64 34 682 1234 1192
12 8 550 1048 1142
86 21 95 1083 1252
37 6 374 1030 1166
76 35 261 1204 1087
23 81 516 1103 1195
27 32 808 1177 1206
8 84 74 1176 1123
49 1 745 1269 1047
13 31 574 1040 1105
26 38 748 1084 1032
74 25 586 1157 1242
3 5 154 1034 1134
77 4 959 1040 1149
25 42 904 1087 1264
6 10 838 1272 1076
80 23 198 1048 1213
10 79 253 1170 1129
1 83 250 1215 1150
21 30 188 1201 1098
4 64 28 1228 1123
78 29 22 1246 1075
43 15 664 1051 1052
24 33 413 1209 1092
7 25 744 1227 1072
68 27 566 1267 1230
36 38 431 1189 392
58 17 237 1055 1208
4 77 551 1174 1134
5 71 111 1269 1159
9 2 472 1270 1160
8 60 891 1186 1194
12 61 536 1086 1233
34 16 535 1102 1138
37 13 488 1196 1271
49 8 330 1219 1092
28 44 620 1031 1083
52 19 860 1063 1124
17 81 535 1132 1035
3 32 947 1153 1102
38 26 332 1129 1251
25 49 765 1056 1035
80 32 549 1223 1098
28 14 188 1242 1210
11 80 27 1149 1221
50 25 642 1215 1236
89 14 470 1186 1147
1 42 115 1167 1251
21 37 168 1161 1031
4 37 60 1074 1226
78 22 921 1171 1067
24 58 660 1256 1273
7 20 709 1150 1222
68 4 115 1129 1190
58 26 78 1042 904
22 4 950 1081 1159
5 78 237 1219 1213
9 9 517 1210 1143
12 54 383 1211 1087
69 35 308 1242 1026
72 24 902 1174 1035
37 12 928 1061 1080
81 38 285 1199 392
13 13 446 1112 322
87 16 147 1229 1168
52 28 579 1211 1220
17 88 63 1119 397
38 21 265 1092 1058
3 23 805 1221 1081
25 56 81 1214 1202
28 3 150 1201 1171
50 18 988 1157 1083
31 14 669 1169 1106
89 21 321 1172 1101
1 33 818 1041 1085
21 36 527 1098 1094
4 46 983 1265 1079
78 15 933 1071 1215
24 55 350 1121 1266
7 11 483 1138 1265
65 14 728 1235 1261
68 9 281 1258 1098
32 23 884 1199 1227
54 38 622 1270 366
22 13 471 1243 1097
5 53 392 1131 1066
44 20 628 1182 1223
66 35 821 1173 1102
26 85 272 1211 1209
72 13 748 1191 375
81 29 682 1149 1091
62 23 477 1263 1156
45 26 413 1036 917
13 12 522 1114 1051
17 79 776 1254 1115
18 81 493 1256 1150
20 76 676 1222 923
3 18 176 1035 1043
25 63 665 1261 1192
28 28 319 1166 1080
50 11 219 1277 1054
26 64 150 1063 1081
53 2 801 1209 1101
1 40 144 1175 1088
75 19 252 1187 1226
56 21 796 1275 1180
21 43 396 1066 1103
4 19 721 1047 1195
78 8 6 1204 1221
24 80 968 1202 1028
7 14 156 1151 1217
65 5 168 1069 1234
22 22 21 1115 1068
5 52 687 1054 1256
9 55 318 1068 1187
12 36 89 1211 1125
69 17 348 1101 1035
34 19 316 1106 1264
2 74 651 1127 1025
81 20 883 1231 1079
10 26 134 1055 1012
13 3 119 1031 1134
87 26 26 1162 959
20 81 796 1128 1219
21 67 384 1048 1200
25 6 857 1249 1153
63 23 841 1267 1226
28 17 60 1207 1167
28 50 730 1177 1146
14 30 939 1270 1130
53 9 921 1198 1113
1 63 244 1155 1096
21 50 755 1140 1038
4 28 894 1130 1046
78 1 80 1086 1004
24 69 24 1166 1093
7 5 68 1068 1278
65 28 944 1056 1249
41 21 681 1102 1115
22 31 906 1165 1093
5 59 727 1257 1083
79 34 792 1191 1280
63 27 988 1145 1054
9 62 556 1057 1107
8 32 167 1033 1109
47 15 767 1116 1121
69 32 961 1203 1121
37 33 900 1238 1216
2 67 465 1173 1082
59 22 438 1099 1235
81 11 476 1194 1091
10 3 322 1191 1120
49 36 928 1111 1046
13 58 329 1160 1171
87 17 386 1203 1239
35 11 403 1227 1051
40 13 919 1100 1217
38 16 424 1218 1225
21 74 128 1266 1271
25 13 666 1091 1092
6 87 656 1032 1108
63 26 322 1175 1138
50 5 227 1052 1113
53 24 674 1046 1064
1 54 996 1197 1241
21 57 105 1154 1187
4 1 774 1102 1199
26 52 800 1155 1161
9 86 977 1091 1254
65 19 94 1152 1206
51 30 71 1193 1227
26 76 334 1182 1272
15 80 596 1271 1123
2 43 100 1111 1120
41 28 106 1128 1076
22 40 977 1267 1274
5 34 567 1108 1186
9 37 563 1041 1235
47 18 288 1084 1077
12 82 185 1025 1266
69 7 574 1093 1210
3 76 470 1227 1074
23 15 1 1245 1213
81 2 430 1044 1027
27 70 25 1095 1172
10 12 539 1221 1176
84 13 292 1183 348
26 47 109 1062 1124
35 6 127 1065 1209
38 9 879 1078 1101
21 81 408 1224 1104
25 20 898 1041 1194
63 1 84 1073 1131
34 14 549 1142 1060
53 31 762 1070 1095
1 13 875 1230 1079
75 16 194 1242 1148
39 26 331 1167 1042
4 10 209 1275 1164
45 20 598 1223 1190
26 53 513 1261 1106
28 78 838 1273 1103
51 21 489 1218 1181
15 87 863 1045 1039
2 36 446 1230 1173
41 3 386 1089 1061
22 33 948 1155 1146
5 41 622 1144 1051
74 16 147 1204 1051
66 15 907 1078 1203
47 25 204 1108 1181
12 87 412 1176 1187
69 14 1 1202 1161
3 67 686 1234 1175
42 38 573 1163 377
23 2 747 1100 1170
6 56 127 1179 1260
27 77 616 1277 1168
10 13 738 1148 352
70 22 883 1209 1090
35 29 58 1202 1087
60 13 741 1112 361
25 27 495 1163 1248
82 32 264 1062 1084
63 12 881 1258 1114
14 9 501 1212 1026
1 4 991 1052 1213
39 17 998 1125 1257
4 15 519 1033 1204
24 84 3 1194 1209
51 16 736 1219 1227
90 25 98 1101 1210
54 3 585 1243 1067
2 37 395 1171 1115
76 30 759 1158 1275
41 10 414 1152 1091
22 42 407 1063 1049
5 24 965 1104 1096
27 37 334 1118 1135
8 11 866 1123 1183
66 8 277 1269 1207
12 80 486 1141 1185
13 88 295 1117 391
40 32 696 1154 1089
55 36 118 1121 1077
2 86 149 1259 1089
23 25 634 1220 1113
6 49 324 1260 1241
27 88 23 1272 329
10 54 736 1059 1273
82 13 51 1077 1164
70 20 316 1131 1260
35 24 572 1275 1152
6 66 232 1111 1165
7 82 632 1046 1219
43 19 597 1194 1134
11 29 517 1207 1279
14 2 863 1227 1169
1 27 165 1092 1074
39 12 370 1274 1147
78 37 521 1044 1110
63 7 306 1212 1259
26 7 281 1202 1025
64 18 846 1246 1129
29 22 193 1106 1046
51 7 60 1201 1074
54 12 401 1052 1163
2 62 375 1228 1070
76 19 332 1223 1164
22 51 667 1280 1070
5 31 704 1090 1033
27 48 903 1208 1062
8 4 601 1251 1220
66 25 875 1264 1196
13 79 949 1173 1072
3 85 338 1105 1215
42 24 1 1249 1197
23 20 425 1255 1257
6 58 131 1184 1033
10 63 901 1031 335
38 36 766 1190 1034
6 75 346 1178 1200
7 73 975 1170 1166
11 8 211 1182 1074
50 33 654 1156 1197
14 59 407 1262 1142
88 24 445 1148 1052
36 22 895 1118 1086
1 18 96 1235 1183
39 3 6 1096 1214
26 16 138 1076 1241
64 31 474 1077 1204
51 2 870 1059 1148
54 21 572 1096 1053
19 87 110 1235 1169
2 55 833 1253 1030
76 12 567 1097 1083
22 60 711 1249 1239
5 6 978 1141 1248
79 5 292 1140 1064
27 55 909 1255 1272
66 18 196 1147 1185
52 35 559 1257 1225
3 48 892 1183 1192
42 25 216 1191 1129
23 43 914 1191 1187
6 35 470 1138 1179
48 23 104 1275 1223
60 20 920 1238 1094
24 10 355 1095 1104
7 68 816 1219 1077
28 55 259 1239 1070
14 52 116 1068 1165
36 27 969 1024 1182
39 6 214 1188 1280
26 17 933 1084 1113
83 36 230 1066 1118
64 8 443 1277 1195
73 22 722 1073 1152
54 30 820 1144 1130
19 82 166 1222 1244
2 16 407 1278 1121
76 1 779 1223 1048
22 69 394 1271 1071
5 13 224 1030 1053
79 16 98 1258 1169
27 50 932 1094 1263
3 39 300 1074 1110
23 46 222 1080 1258
6 44 321 1082 1049
28 83 105 1073 1183
38 1 828 1192 902
70 15 885 1106 1197
35 33 369 1273 1267
38 28 451 1072 1059
82 5 109 1070 1025
24 7 990 1067 1263
7 59 418 1205 1054
46 22 13 1180 1216
11 10 854 1059 1227
85 17 295 1060 1140
36 4 751 1201 1169
26 26 892 1216 1065
83 27 871 1058 1245
64 13 853 1148 1176
12 27 226 1263 1043
26 77 665 1123 1224
2 1 90 1267 1051
22 78 718 1110 1184
5 12 515 1221 1237
79 23 48 1067 1075
27 57 79 1153 1181
55 16 719 1081 1193
3 34 85 1024 1041
77 25 378 1029 1040
23 37 941 1215 1056
6 21 665 1032 1057
10 82 479 1063 1024
67 3 922 1125 1117
16 80 337 1043 1125
57 21 164 1161 1197
24 32 624 1158 1100
7 62 780 1187 1126
46 15 102 1067 1257
68 34 691 1245 1065
33 14 462 1040 1129
14 38 499 1200 351
36 9 841 1069 1253
4 84 900 1261 1148
83 22 721 1160 1236
28 67 49 1026 1222
2 26 996 1066 1094
22 87 815 1115 1093
23 77 43 1221 1143
79 26 389 1166 1140
27 4 300 1253 1220
49 29 596 1057 1114
30 23 758 1051 1204
90 19 720 1188 1109
55 7 540 1145 1208
3 57 551 1168 1103
77 24 693 1207 1191
23 64 141 1185 1138
6 30 749 1038 1143
28 33 192 1156 1225
67 30 283 1279 1191
16 85 666 1192 1270
1 79 619 1132 1189
21 2 98 1075 1150
25 69 90 1183 1080
24 21 371 1086 1138
7 53 683 1058 1138
11 60 476 1279 1211
71 18 763 1179 1194
83 13 795 390 378
12 9 255 1189 1054
51 38 236 1182 344
37 17 96 1099 1249
2 19 499 1044 1167
40 6 142 1247 1127
23 72 632 1041 1219
27 11 202 1267 1109
49 20 237 1269 1130
88 16 652 1225 1035
40 21 554 1084 1254
55 26 920 1179 1153
82 12 359 1269 1205
3 52 690 1217 1246
77 15 36 1174 1056
23 55 135 1236 1225
6 7 705 1199 1055
80 4 534 1189 1237
28 58 541 1035 1159
11 84 16 1259 1037
67 21 515 1249 1094
31 23 179 1046 1278
1 70 17 1147 1148
21 9 48 1084 1164
4 49 768 1033 1198
25 76 848 1177 1182
24 46 314 1027 1252
7 48 677 1063 1109
65 35 944 1112 1150
11 35 994 1218 1190
14 88 792 1223 397
39 34 301 1179 1103
4 66 286 1233 1122
5 82 449 1259 1274
61 23 160 1088 1209
83 8 442 1200 1127
12 2 198 1272 1108
37 32 818 1191 1085
40 3 386 1238 1255
27 22 557 1170 1213
8 86 659 1069 1195
49 11 497 1200 1127
26 39 184 1109 1095
74 23 575 1213 1208
55 17 629 1060 1256
3 11 24 1261 1055
77 6 276 1030 1173
25 36 724 1096 1206
6 16 25 1257 1034
80 9 908 1106 1116
28 63 550 1121 1247
31 26 60 1254 865
21 24 140 1249 1096
4 58 78 1025 1144
25 83 789 1232 1084
24 43 204 1245 1031
7 39 116 1278 1278
68 21 32 1164 1150
33 19 148 1081 1200
14 81 855 1220 1261
58 15 661 1225 1268
4 71 9 1101 1046
9 28 724 1090 1194
8 62 88 1162 1263
64 33 638 1162 1100
12 7 727 1191 1033
86 20 41 1237 1274
37 7 398 1121 1255
76 38 614 1145 1064
23 82 369 1279 1216
27 29 3 1139 1238
8 83 726 1108 1148
49 2 975 1217 1044
28 41 22 1036 1276
13 32 885 1217 1087
52 13 599 1078 1054
3 6 878 1159 1216
25 43 501 1038 1094
6 9 949 1087 1141
80 18 375 1079 1038
10 78 998 1272 1219
1 84 676 1048 1031
21 31 805 1160 1192
4 63 749 1263 1113
78 28 744 1106 1061
43 16 259 1165 1142
24 36 13 1035 1272
7 26 298 1120 1158
68 30 741 1031 1129
36 37 193 1209 1047
58 24 332 1270 1129
4 80 543 1240 1149
5 72 723 1154 1259
9 3 568 1144 1132
8 59 879 1191 1128
69 37 329 1086 1245
34 15 387 1058 1124
72 26 220 1114 916
37 14 526 1258 1026
8 76 959 1028 966
52 22 739 1225 1067
17 82 769 1071 1141
3 29 256 1195 1058
25 50 960 1275 1071
80 31 648 1031 1100
28 13 5 389 396
11 77 744 1160 1258
50 32 536 1214 1153
89 15 858 1197 1148
1 43 437 1236 1273
21 38 470 1134 1278
4 40 899 1132 1154
78 21 459 1071 1160
24 57 57 1075 1256
7 17 888 1089 1170
68 3 586 1036 1269
58 25 873 1173 1116
41 33 526 1206 1054
22 3 16 1050 1126
5 79 142 1089 1117
9 10 704 1174 1217
8 52 429 1088 1164
12 53 67 1261 1270
69 36 156 1168 1196
26 86 802 1238 1090
72 23 160 1028 1211
87 13 422 1036 398
52 27 744 1152 1079
38 20 477 1142 1030
3 24 998 1073 1250
25 57 40 1037 1052
28 6 58 1093 1055
50 17 243 1231 1190
89 22 433 1045 1260
26 57 242 1160 1278
1 34 146 1218 1238
21 45 866 1207 1130
4 45 577 1253 1095
78 14 268 1071 1078
24 50 432 1102 1225
7 12 137 1208 1146
65 15 318 1264 1081
68 12 157 1221 1112
32 18 136 1142 1194
54 37 417 1196 1269
22 12 686 1143 1217
5 54 164 1075 1215
44 19 732 1051 1266
66 34 259 1048 1156
34 25 832 1155 1252
72 16 470 1197 1254
82 3 657 1176 1122
81 30 220 1129 1074
62 22 340 1060 1035
13 5 222 1147 1214
17 80 845 1027 1155
18 88 911 1254 333
38 29 384 1042 1139
21 69 997 1027 1061
25 64 225 1050 1249
28 27 569 1057 1225
50 10 686 1215 1041
53 3 723 1173 1158
1 57 90 1108 1124
75 20 945 1111 1042
56 24 936 1146 1115
21 44 67 1132 1069
4 22 648 1048 1028
78 7 524 1279 1189
24 79 390 1207 1128
7 3 696 1221 1177
65 6 170 1027 1093
52 2 191 1202 1242
22 21 777 1066 1031
5 61 887 1193 1276
9 56 705 1104 1081
8 34 352 1182 1050
12 35 892 1259 1056
69 18 959 1243 1258
34 18 277 1274 1086
2 73 918 1220 1034
81 21 506 1151 1180
13 4 714 1186 1248
40 14 985 1204 1240
20 84 535 1250 1254
21 68 945 1130 1219
77 33 312 1083 1111
25 7 880 1031 1137
63 24 897 1153 1187
28 20 631 1077 1101
50 3 321 1145 1269
14 29 370 1189 1230
53 10 968 1255 1139
1 64 75 1029 1028
21 51 688 1129 1247
4 27 677 1262 1235
24 72 146 1050 1086
7 6 349 1093 1182
65 29 269 1117 1273
26 69 697 1220 1243
41 22 954 1245 1177
22 30 574 1170 1117
5 60 628 1029 1050
9 63 394 1173 325
8 31 466 1120 1028
47 16 906 1025 1174
69 25 924 1037 1112
37 34 373 1129 1035
2 66 431 1256 1146
59 19 585 1039 1155
81 12 3 1159 1033
10 2 881 1208 1201
49 37 862 1100 1230
13 59 82 1225 1256
87 18 253 1119 1123
26 48 280 1123 1126
35 12 729 1073 1250
38 15 965 1111 1119
21 75 657 1079 1086
25 14 515 1066 1062
6 86 638 1148 1181
38 3 56 1252 1080
63 31 804 1142 1205
38 30 354 1162 1215
53 17 842 1147 1115
1 55 244 1274 1165
54 9 343 1140 1279
21 58 728 1225 1257
4 4 348 1197 1044
45 19 470 1193 1098
26 51 886 1132 1273
9 87 997 1065 1279
65 20 685 1214 1257
51 27 245 1142 1110
32 13 981 1085 379
15 77 878 1116 1110
2 42 260 1072 1049
41 29 301 1267 1155
22 39 34 1090 1036
5 35 739 1190 1092
9 38 306 1127 379
47 23 105 1145 1101
12 81 435 1222 1182
69 8 466 1226 1101
3 73 559 1277 1141
23 16 681 1036 1025
81 3 56 1079 1092
27 67 478 1049 1155
10 11 209 1226 1028
84 16 422 1088 1080
35 3 471 1251 1262
21 82 924 1272 1198
25 21 153 1138 1196
82 38 736 1151 369
63 2 344 1045 1209
53 32 65 1179 1100
1 14 451 1264 1104
75 13 650 1190 378
39 31 38 1172 1230
4 9 759 1184 1127
24 86 820 1182 1236
51 22 801 1240 1268
15 88 782 1092 348
2 35 336 1031 1060
41 4 460 1222 1201
22 48 204 1153 1111
5 42 506 1142 1140
8 13 935 1151 381
66 14 527 1258 1095
47 26 950 1126 914
69 15 679 1111 1101
82 16 610 1201 1078
40 29 382 1252 1274
2 84 390 1216 1218
3 68 917 1184 1202
23 7 605 1092 1190
6 55 450 1148 1109
27 78 441 1178 1252
10 52 196 1231 1121
84 21 567 1248 1241
67 37 162 1055 1242
35 30 779 1065 1232
60 16 929 1029 1226
25 28 970 1198 1120
6 72 533 1199 1073
82 31 200 1241 1209
43 22 705 1241 1266
14 8 983 1118 1216
32 20 258 1201 1050
1 5 981 1257 1070
39 18 164 1037 1107
24 83 598 1256 1074
51 13 651 1276 1237
54 2 669 1253 1114
2 60 760 1259 1077
76 29 150 1136 1064
41 11 862 1025 1078
22 41 361 1248 1180
5 17 722 1268 1190
27 38 972 1231 1266
8 6 542 1152 1257
66 7 870 1183 1057
12 79 682 1266 1153
13 81 628 1124 1110
55 33 530 1145 1147
2 85 130 1043 1040
23 26 345 1253 1280
6 64 308 1107 1203
27 85 812 1169 1129
10 53 3 1169 1171
70 19 608 1225 1201
35 21 534 1141 1076
6 65 192 1228 1208
7 87 485 1132 1156
11 30 338 1252 1211
14 1 669 1082 1005
88 26 134 1219 905
1 28 28 1057 1078
39 9 211 1226 1058
78 36 659 1204 1033
26 6 420 1091 1245
9 76 30 1038 886
64 17 590 1185 1058
29 23 770 1234 1168
51 8 738 1184 1208
54 11 6 1262 1161
2 61 614 1188 1084
76 22 798 1092 1158
22 50 980 1273 1279
5 32 315 1230 1053
79 3 352 1155 1084
27 45 559 1159 1202
8 3 874 1211 1045
66 32 744 1098 1252
13 80 890 1058 1089
3 86 9 1152 1060
42 23 402 1218 1231
23 17 569 1160 1249
6 57 532 1067 1060
80 34 307 1201 1086
10 62 790 1103 1087
38 35 693 1066 1109
6 74 485 1209 1247
7 74 723 1060 1174
11 5 361 1044 1117
28 56 5 1272 1137
14 58 756 1035 1132
88 23 1 1279 1045
36 21 661 1229 1201
1 19 488 1078 1187
39 4 63 1077 1171
26 15 624 1140 1170
64 26 834 1255 1279
54 20 754 1126 1190
19 88 863 1153 334
2 54 466 1078 1158
76 11 61 1280 1064
22 59 541 1039 1208
5 7 595 1185 1184
79 6 877 1207 1249
63 29 579 1032 1230
27 56 470 1218 1157
66 17 856 1123 1030
52 38 295 1055 335
3 45 927 1266 1123
23 44 501 1097 1156
6 34 453 1229 1249
48 18 517 1034 1162
40 11 534 1205 1230
82 6 283 1117 1209
60 19 995 1087 1246
24 9 467 1040 1192
7 65 549 1099 1140
14 51 839 1267 928
36 30 349 1199 1263
26 24 723 1238 1047
83 33 811 1227 1171
64 7 692 1163 1173
26 78 245 1242 1139
73 23 42 1075 1243
54 29 940 1056 1273
19 79 2 1107 1077
2 15 914 1181 1041
76 4 46 1255 1215
22 68 70 1222 1092
5 14 236 1079 1063
79 13 840 1174 1237
27 63 404 1272 1212
3 40 693 1047 1279
42 1 947 1153 838
23 35 18 1053 1200
6 43 150 1079 1129
28 86 342 1266 1044
67 9 359 1098 1114
70 14 448 1180 1275
35 34 324 1139 1204
57 15 143 1105 1181
24 2 617 1145 1277
7 60 384 1088 1070
63 37 959 1183 1159
46 21 699 1190 1024
11 55 918 1142 1274
85 18 285 1268 1127
36 3 586 1195 1178
26 25 813 1224 1166
83 28 989 1154 1247
64 16 936 1242 1267
12 30 687 1028 1030
2 8 375 1103 1197
22 77 132 1223 1050
23 75 973 1210 1172
79 24 646 1143 1083
27 58 123 1256 1187
90 20 158 1153 1220
55 13 972 1094 1027
3 63 175 1226 1115
77 26 980 1265 1181
23 38 809 1115 1067
6 20 74 1108 1170
10 81 222 1112 1075
67 4 771 1266 1223
16 79 970 1084 1049
1 73 366 1238 1221
57 22 501 1215 1027
24 31 146 1053 1030
7 51 626 1112 1277
46 14 840 1079 1265
85 25 102 1070 1132
68 33 271 1251 1154
33 15 803 1102 1025
14 37 841 1046 1106
36 12 661 1174 1183
4 83 726 1248 1221
83 19 221 1155 1199
2 25 650 1269 1154
22 86 427 1263 1201
23 78 550 1234 1212
79 31 809 1031 1105
27 1 888 1242 1129
49 30 313 1252 1141
30 22 645 1122 1076
40 22 416 1258 1185
55 8 840 1146 1268
82 21 887 1095 1253
3 58 33 1136 1099
77 17 959 1068 1120
23 61 305 1167 1065
6 29 622 1103 1228
80 6 355 1232 1124
28 36 840 1024 1207
67 27 492 1147 1257
90 24 76 1085 1223
16 88 32 1047 376
1 80 93 1230 1045
21 3 265 1115 1060
25 70 221 1228 1067
24 24 762 1067 1087
7 54 503 1254 1063
11 57 761 1154 1194
71 23 184 1078 1049
61 25 223 1147 1112
83 14 952 1032 1209
12 12 679 1106 1048
51 35 406 1118 1141
37 18 969 1083 1045
2 18 304 1083 1087
40 5 398 1102 1107
23 69 417 1132 1277
27 12 415 1028 1100
49 21 435 1163 1252
26 40 608 1118 1152
55 31 504 1152 1262
3 49 983 1042 1211
77 16 900 1129 1104
23 56 407 1180 1207
6 6 214 1049 1109
80 3 439 1280 1270
28 57 854 1167 1146
11 81 396 1261 1221
67 22 239 1052 1236
31 24 996 1172 1037
53 33 196 1243 1078
1 71 742 1136 1099
21 10 931 1072 1085
4 52 84 1233 1144
25 77 777 1102 1264
24 45 815 1139 1099
7 45 422 1066 1132
65 36 237 1068 1036
11 36 64 1041 1136
14 87 595 1270 1182
4 65 132 1053 1031
5 83 307 1247 1210
61 24 483 1030 1270
32 26 31 1126 909
83 5 163 1028 1221
39 33 784 1056 1147
12 1 53 1247 967
37 25 34 1133 1069
27 19 351 1254 1155
8 85 549 1180 1134
49 12 369 1052 1216
28 42 963 1200 1101
52 7 706 1029 1238
74 22 456 1182 1249
55 18 498 1145 1248
3 12 318 1213 1122
77 7 633 1048 1241
25 37 321 1167 1127
6 15 762 1144 1137
80 12 248 1177 1055
10 76 248 1085 858
21 17 42 1255 1252
4 57 802 1221 1203
38 5 654 1121 1071
25 84 367 1232 1043
24 38 18 1134 1057
7 40 37 1150 1265
68 24 765 1154 1126
33 20 941 1273 1184
14 80 41 1265 1270
58 14 214 1119 1156
4 74 962 1032 1056
9 29 441 1118 1221
8 61 661 1136 1269
64 36 258 1062 1159
12 58 413 1109 1233
86 19 784 1116 1037
37 8 324 1034 1129
76 37 171 1164 1206
23 87 42 1248 1071
27 30 65 1274 1128
8 78 989 1183 1119
49 3 60 1120 1112
52 16 250 1121 1141
3 3 154 1242 1272
25 44 875 1029 1115
80 17 913 1145 1170
10 77 184 1255 1034
1 85 853 1204 1130
21 32 988 1067 1227
4 34 171 1229 1228
78 27 323 1155 1170
43 13 714 1119 367
24 35 148 1235 1087
7 31 830 1277 1075
68 29 166 1245 1242
58 23 534 1094 1084
4 79 569 1188 1249
5 65 417 1095 1175
9 4 516 1071 1272
8 54 160 1176 1113
12 63 847 1223 356
69 38 793 1258 373
26 87 812 1031 1272
72 25 86 1199 1207
37 15 314 1204 1270
81 33 863 1122 1127
52 21 129 1027 1272
17 83 975 1039 1113
3 30 579 1203 1116
25 51 8 1240 1162
80 26 566 1259 1135
28 16 482 1097 1066
11 78 30 1218 1130
50 31 700 1230 1101
89 16 977 1030 1265
26 58 154 1119 1107
1 44 592 1242 1132
56 1 363 1149 872
21 39 709 1084 1058
4 39 999 1041 1128
78 20 962 1087 1049
24 60 75 1160 1231
7 18 347 1190 1174
65 9 452 1266 1134
68 6 368 1103 1184
41 34 13 1182 1081
22 2 97 1088 1216
5 80 409 1037 1121
9 11 395 1087 1033
8 51 893 990 980
12 56 428 1040 1088
72 18 283 1219 1039
90 21 471 1205 1043
87 14 599 1059 1216
52 30 76 1199 1186
38 19 23 1227 1228
3 21 547 1163 1229
25 58 435 1128 1263
28 5 848 1069 1254
50 24 195 1208 1085
89 23 98 1253 1199
53 5 146 1053 1086
1 35 652 1034 1175
56 26 491 984 950
21 46 641 1110 1236
4 48 201 1280 1164
78 13 259 1101 1094
24 49 534 1207 1082
7 9 353 1242 1202
65 16 401 1104 1242
68 11 963 1236 1151
32 17 164 1276 1089
54 36 30 1205 1258
22 11 265 1111 1195
5 55 993 1105 1232
44 22 585 1205 1158
66 33 430 1222 1088
72 15 606 1069 1260
40 34 271 1045 1126
81 31 437 1121 1048
62 21 684 1199 1067
13 6 860 1182 1252
18 87 349 1076 1243
40 19 669 1120 1141
20 78 788 1213 1133
21 70 386 1163 1186
25 1 82 1143 1106
28 30 816 1163 1056
50 9 265 1146 1099
53 4 963 1187 1188
1 58 132 1108 1254
75 17 360 1072 1250
56 23 24 1242 1223
21 53 410 1092 1262
4 21 720 1262 1189
78 6 308 1073 1064
24 74 909 1230 1256
7 4 441 1049 1151
65 7 533 1209 1045
26 70 56 1112 1129
22 20 508 1035 1131
5 62 531 1026 1160
9 57 56 1150 1066
8 33 792 1131 1261
12 38 789 1143 344
69 19 364 1153 1224
34 17 11 1050 1217
2 80 2 1062 1221
81 22 619 1168 1235
10 32 293 1226 1077
13 61 394 1086 1076
26 41 537 1152 1121
18 80 52 1204 1215
20 83 526 1215 1042
21 77 720 1101 1206
77 34 901 1085 1188
25 8 322 1110 1153
63 21 90 1152 1272
28 19 838 1030 1045
50 2 68 1162 1204
14 28 21 1140 1155
53 11 645 1194 1129
1 49 472 1163 1093
21 52 443 1198 1225
4 30 336 1197 1105
45 18 281 1054 1173
24 71 209 1036 1074
9 81 85 1194 1215
65 30 732 1188 1262
69
6 6
6 -394
226 -394
226 6
446 6
446 406
226 406
226 806
446 806
446 1206
226 1206
226 1606
446 1606
446 2006
226 2006
226 2406
446 2406
666 2406
666 -394
886 -394
886 406
1106 406
1106 6
1326 6
1326 406
1546 406
1546 6
1766 6
1766 406
1986 406
1986 6
2206 6
2206 406
2426 406
2426 6
2646 6
2646 406
2866 406
2866 806
2646 806
2646 1206
2426 1206
2426 806
2206 806
2206 1206
1986 1206
1986 806
1766 806
1766 1206
1546 1206
1546 806
1326 806
1326 1206
1106 1206
1106 806
886 806
886 2806
6 2806
6 2006
-214 2006
-214 1606
6 1606
6 1206
-214 1206
-214 806
6 806
6 406
-214 406
-214 6
