50
1 16261 2 584 3 494 4 667 5 7279 6 7641 7 6974 8 10242 9 12812 10 12501 11 10163 12 12190 13 11837 14 10502 15 10813 16 11730 17 10218 18 2977 19 2978 20 2878 21 2856 22 2980 23 8484 24 10273 25 8515 26 9862 27 8724 28 14566 29 14722 30 12503 31 14551 32 12316 33 13339 34 15751 35 14323 36 16850 37 14309 38 14989 39 17512 40 15101 41 14472 42 11037 43 8249 44 1512 45 5609 46 5958 47 15189 48 15941 49 2471 50 16591 
1 16351 2 17153 3 15760 4 15647 5 15642 6 16117 7 12457 8 8209 9 8833 10 8370 11 9144 12 8501 13 10141 14 14314 15 13851 16 13416 17 12647 18 12866 19 14902 20 14716 21 14004 22 14874 23 14937 24 14664 25 15287 26 11234 27 6572 28 6503 29 6783 30 7240 31 6469 32 7174 33 6916 34 5839 35 7012 36 5888 37 573 38 565 39 510 40 6947 41 1792 42 12894 43 15077 44 8325 45 6206 46 8043 47 6369 48 12331 49 11498 50 3408 
974
8 4 946 559 563
32 7 947 567 242
17 10 757 584 555
41 23 937 586 570
20 5 768 540 520
41 4 158 596 554
8 26 78 538 236
23 20 347 588 520
22 7 153 553 295
37 35 476 544 489
9 6 211 586 486
33 3 21 534 526
38 36 401 589 469
36 16 502 493 563
10 1 271 604 519
34 4 486 538 595
37 9 824 519 592
11 8 586 543 517
35 9 246 533 551
38 14 171 587 541
12 23 419 534 496
36 22 642 576 547
1 18 815 601 591
25 15 48 549 514
15 2 696 495 501
39 3 425 599 539
13 18 837 502 580
37 23 923 504 536
26 16 772 599 556
16 5 582 561 516
40 12 9 491 547
14 21 902 536 566
38 24 423 568 602
27 13 860 560 73
30 18 379 488 538
28 2 125 515 492
31 15 238 569 505
32 16 520 575 490
6 25 433 576 519
17 1 327 542 526
7 24 552 533 527
31 17 118 498 502
29 33 311 571 583
8 23 980 548 592
32 22 838 505 603
34 35 405 553 595
24 20 407 591 572
41 36 825 583 578
9 13 761 485 551
33 26 615 538 491
23 13 903 555 80
10 10 239 516 523
34 5 701 586 567
39 36 137 565 464
11 15 140 573 529
35 4 8 487 582
9 19 632 566 527
12 16 351 576 487
36 27 71 580 572
10 20 882 506 519
25 22 377 506 514
15 9 60 513 584
39 6 288 562 599
13 9 752 520 583
37 30 599 508 573
26 17 641 546 512
16 14 551 516 560
40 1 562 584 565
14 14 423 557 508
38 17 77 548 553
27 24 842 584 524
1 15 990 596 567
39 32 222 530 488
28 7 781 510 276
40 31 567 513 508
5 13 199 550 489
29 2 990 535 565
1 37 222 592 573
30 5 961 509 598
17 8 914 554 565
7 15 494 520 515
31 28 761 584 584
18 7 24 601 254
8 16 944 546 591
32 19 870 505 520
19 6 856 596 581
35 33 793 489 511
33 17 854 578 596
34 30 591 504 538
24 7 46 528 302
11 10 483 521 562
35 27 590 511 499
9 26 950 490 245
40 36 384 555 509
12 5 61 552 557
36 4 539 507 503
10 21 363 571 519
15 20 136 493 516
13 8 455 499 582
37 5 260 511 544
11 20 14 500 598
26 26 708 569 218
16 11 46 580 581
14 7 866 488 526
38 26 569 529 514
1 6 626 516 509
25 3 937 593 522
39 23 23 525 588
28 32 337 564 508
2 1 351 584 469
26 4 57 562 524
40 24 691 578 507
5 12 18 584 534
29 25 10 515 505
6 11 124 486 484
30 30 691 575 561
41 12 917 599 521
31 3 762 550 541
5 18 620 525 507
8 5 781 545 514
32 28 426 546 554
6 21 258 578 574
17 21 131 592 533
41 18 104 493 577
20 2 760 564 549
33 24 707 589 596
32 34 447 511 570
36 35 896 499 524
34 23 20 531 600
35 22 86 528 502
9 1 65 599 527
33 14 974 497 503
36 9 654 605 519
34 9 858 595 590
37 4 447 486 521
35 16 798 554 556
16 20 872 587 535
38 3 902 601 512
12 20 206 496 512
27 26 749 485 221
1 29 323 599 533
39 10 355 521 559
13 21 214 571 525
28 21 520 514 534
26 5 842 590 595
40 13 622 550 580
14 26 217 487 245
29 24 682 571 583
27 4 611 560 548
30 23 353 586 501
31 6 632 515 506
5 25 774 599 562
29 14 203 545 595
32 1 611 551 521
41 27 584 604 546
28 33 205 497 548
17 12 80 507 485
7 19 715 488 540
20 7 195 515 301
23 18 551 589 527
21 2 855 526 588
24 21 98 556 535
22 5 792 506 530
41 32 76 508 490
9 8 960 599 572
33 5 962 595 559
38 34 669 518 566
10 7 396 507 565
34 2 602 490 540
37 11 991 533 539
11 6 179 550 528
35 7 466 497 518
16 25 966 559 569
38 12 54 569 578
12 9 635 501 577
36 24 328 542 570
1 20 191 490 493
25 17 857 584 503
15 8 613 546 584
39 1 506 586 537
13 20 670 524 489
37 17 101 532 528
26 14 825 528 560
16 7 922 562 525
40 6 875 602 508
14 19 602 562 597
38 22 160 503 546
1 10 707 529 590
39 27 936 505 596
28 4 31 562 515
41 19 753 549 550
31 13 352 486 73
29 5 425 579 508
17 3 277 542 517
7 22 760 553 512
31 23 375 532 605
29 35 733 591 497
18 4 914 583 579
8 17 527 544 513
32 24 799 554 577
30 36 324 555 506
34 33 587 508 535
17 25 424 552 533
9 15 776 487 489
33 28 904 505 575
23 3 583 546 526
10 16 593 494 529
34 27 411 572 498
39 34 634 576 595
11 13 532 517 502
35 2 455 541 579
9 21 593 544 538
12 2 896 540 526
36 29 830 524 525
10 18 227 588 496
25 24 569 605 547
15 15 67 506 490
13 11 384 595 506
37 32 952 488 524
11 23 125 486 538
26 23 281 585 577
16 16 691 595 605
40 3 188 588 531
14 12 427 554 499
38 31 192 568 570
27 22 9 595 488
1 1 399 584 590
39 30 344 529 583
28 25 254 498 510
40 25 838 558 562
5 15 88 593 571
29 4 239 558 516
41 11 569 586 548
1 39 945 585 510
6 16 393 486 519
30 3 465 540 576
7 13 495 561 601
31 26 341 536 547
5 21 939 514 586
18 5 537 539 593
8 10 346 497 160
32 29 36 488 551
19 4 438 557 596
31 36 104 486 508
33 19 781 546 511
23 6 880 548 495
34 20 760 491 530
24 1 860 579 511
35 25 203 535 535
12 7 506 544 604
36 6 845 493 503
15 18 837 543 582
13 2 1000 589 506
37 7 113 493 535
11 18 696 496 570
16 21 358 572 496
14 5 962 520 598
38 8 155 565 485
1 8 58 544 539
25 5 51 491 600
39 21 524 486 565
28 18 202 534 552
26 2 92 541 567
40 18 351 557 599
29 27 270 521 544
27 7 191 506 266
33 36 518 590 510
30 28 301 518 581
41 14 213 489 540
31 1 554 546 558
5 20 932 578 541
8 7 517 524 516
32 6 795 600 538
6 19 440 493 569
17 23 374 589 494
7 26 314 547 234
20 4 616 573 598
32 36 314 497 466
21 5 88 518 522
34 21 998 563 590
24 26 696 514 229
35 20 30 491 537
9 3 946 507 504
33 16 914 564 516
36 11 45 539 592
10 4 651 485 493
34 15 796 546 546
15 25 706 605 565
37 14 456 511 547
11 25 980 500 542
35 14 609 495 553
38 1 965 557 510
12 22 926 520 527
36 17 949 498 543
1 31 211 555 545
15 3 423 548 601
39 16 153 502 511
13 23 445 529 504
28 23 795 527 587
40 15 245 523 525
14 24 87 571 529
29 18 272 517 535
27 2 930 589 548
30 21 680 502 553
28 13 205 560 69
29 16 624 591 512
32 3 327 516 507
30 15 950 510 488
28 35 321 548 512
17 14 725 578 503
7 17 759 580 534
8 22 409 498 533
23 24 776 542 521
21 4 980 504 507
24 23 168 559 495
41 33 647 603 576
22 3 644 532 569
9 10 662 500 499
33 7 572 563 265
10 5 931 521 581
34 8 445 491 562
24 13 647 491 70
11 4 545 549 562
35 5 191 584 598
38 10 258 486 581
12 11 26 562 573
36 26 538 504 521
1 22 633 534 573
25 19 861 580 532
15 6 581 497 527
39 7 869 540 550
13 14 600 605 589
37 19 605 521 550
26 20 868 560 575
16 1 58 601 590
40 8 94 511 506
14 17 888 534 553
38 20 589 487 544
1 12 384 590 537
39 25 477 512 571
28 6 779 508 527
40 30 523 502 590
29 7 968 543 270
1 34 38 502 515
33 34 895 588 509
17 5 129 588 517
7 12 487 496 579
31 21 619 507 572
18 2 1000 484 559
8 19 107 536 538
32 18 671 511 529
30 34 549 489 552
19 7 4 502 295
33 30 666 598 576
23 1 184 570 527
10 14 429 506 506
34 25 101 513 563
24 6 954 538 488
11 11 273 538 550
35 32 953 601 598
9 23 491 533 526
12 4 940 484 562
36 31 124 596 551
10 24 441 571 578
25 26 644 550 246
15 13 903 487 501
13 5 589 538 517
37 26 148 589 571
11 21 905 541 559
26 21 484 528 538
16 10 19 602 599
14 10 53 515 529
38 29 116 575 581
12 26 807 534 246
27 20 687 495 597
1 3 307 523 605
39 20 778 602 520
28 27 478 595 520
40 27 40 502 507
29 30 360 488 555
6 14 332 567 559
30 1 251 532 598
41 9 573 493 553
31 32 781 548 564
5 23 416 548 580
41 7 62 559 542
8 12 348 519 605
32 31 387 489 542
6 24 704 529 593
19 2 101 524 596
17 18 194 532 486
31 34 326 530 561
33 21 501 572 498
36 34 882 503 485
34 18 614 515 560
24 3 331 575 491
35 23 62 545 512
33 33 39 519 487
36 8 302 487 543
10 25 375 583 571
34 12 686 532 546
15 24 428 524 528
13 4 771 592 547
37 1 4 498 592
41 26 28 592 485
16 23 895 497 513
14 3 868 489 509
38 6 393 582 489
1 26 574 498 536
25 7 764 540 273
39 11 91 586 564
13 26 694 603 237
28 20 354 538 575
40 20 848 571 497
29 21 945 508 495
27 5 927 601 501
30 26 701 516 541
41 16 869 574 485
31 7 387 508 281
8 1 858 517 515
6 17 106 534 541
17 9 522 505 519
41 22 829 537 512
20 6 927 511 503
23 19 513 543 562
21 7 601 548 254
37 34 364 533 560
35 18 614 567 522
9 5 442 534 551
33 2 91 571 535
36 13 280 504 574
10 2 826 522 605
34 13 550 547 587
37 16 176 577 597
11 7 145 601 563
35 12 26 539 593
38 15 760 523 489
12 24 197 554 487
36 19 911 569 587
1 17 921 578 518
25 14 292 578 522
15 1 545 491 524
39 14 750 535 601
13 17 689 541 557
37 22 294 561 602
16 6 200 562 597
40 9 536 494 512
14 22 809 581 571
29 20 625 564 493
27 16 915 593 604
30 19 163 520 545
28 15 530 512 495
32 13 20 547 74
6 26 790 577 204
30 13 421 531 69
17 16 935 523 509
7 23 891 585 584
31 20 785 535 594
41 5 96 517 534
8 24 152 592 516
23 22 731 557 558
34 36 799 596 427
24 17 500 587 516
41 35 877 601 533
22 1 210 559 588
9 12 925 588 549
33 25 170 568 543
23 16 388 486 583
10 11 557 547 513
34 6 242 568 553
24 15 501 485 497
39 35 80 524 565
11 2 312 535 542
35 3 919 510 587
9 18 609 540 498
12 13 147 524 568
36 28 185 592 539
1 24 999 491 512
25 21 343 545 558
15 12 864 601 595
39 5 178 591 501
13 16 286 539 605
37 29 838 603 535
26 18 56 488 545
16 3 684 552 489
40 2 384 519 519
14 15 11 540 516
38 18 414 497 493
27 23 136 512 576
1 14 702 539 551
39 31 531 535 605
40 32 405 516 583
29 1 206 487 569
1 36 961 538 507
30 6 173 579 524
17 7 806 518 599
7 10 27 583 159
31 27 85 484 542
8 13 98 556 557
32 20 927 566 534
19 5 955 587 595
35 36 394 512 438
33 32 836 551 544
23 7 115 527 277
34 31 227 553 492
11 9 462 501 558
35 30 549 535 494
9 25 282 550 583
40 33 979 547 531
12 6 334 559 572
36 1 219 538 495
10 22 829 506 496
15 19 596 578 590
13 7 332 554 560
37 28 298 515 596
11 19 654 556 599
16 12 787 585 568
14 8 617 497 511
38 27 68 511 493
27 18 665 542 507
1 5 381 583 514
25 2 456 597 578
39 18 852 547 500
28 29 897 491 580
40 21 353 604 493
5 11 444 584 507
29 32 879 530 521
6 12 121 501 495
30 31 459 524 507
7 1 662 589 497
31 30 793 558 579
5 17 830 604 565
41 31 539 597 508
8 6 777 500 522
32 25 71 517 590
6 22 64 548 594
17 20 559 555 515
41 17 722 593 497
33 23 224 536 598
23 26 387 507 220
36 36 177 574 499
34 24 380 557 605
35 21 605 512 589
33 13 699 548 68
36 10 72 544 552
34 10 47 518 605
15 22 759 582 539
37 3 317 507 486
35 15 418 586 534
16 17 434 546 592
14 1 826 506 499
38 4 793 518 532
12 17 766 602 545
27 25 449 569 533
1 28 274 534 603
39 9 815 500 547
28 22 145 486 529
26 6 839 542 553
40 14 402 581 517
29 23 527 557 569
27 3 371 491 524
30 24 782 496 541
31 5 606 579 542
29 13 93 599 72
8 3 798 494 596
32 2 853 517 580
28 34 323 582 505
17 11 394 539 518
41 24 446 584 490
8 25 752 532 604
23 17 833 590 536
21 1 602 494 560
24 22 51 498 596
22 6 810 544 505
37 36 754 525 429
9 7 49 587 548
33 4 857 553 588
38 35 209 495 510
36 15 382 575 489
10 8 728 570 599
34 3 698 510 562
37 10 486 491 571
11 5 923 531 518
35 10 229 605 567
16 26 710 592 229
38 13 815 531 527
12 10 119 507 518
36 21 695 562 594
1 19 6 579 582
25 16 615 528 519
15 7 177 580 514
39 4 31 598 544
13 19 128 537 550
37 24 532 484 552
26 15 558 510 518
16 8 709 507 549
40 11 290 560 547
14 20 140 500 543
38 23 342 604 560
27 14 126 582 539
1 9 256 525 532
30 17 434 517 555
28 1 225 567 604
31 16 766 572 486
32 15 116 588 536
17 2 566 549 556
7 21 508 581 598
31 18 770 589 527
29 34 558 602 592
8 18 281 587 587
32 21 314 596 589
34 34 361 544 497
24 19 269 567 485
41 1 307 601 599
9 14 911 565 570
33 27 906 536 561
23 14 620 567 537
10 9 900 493 590
34 28 87 531 494
39 33 997 517 589
11 16 336 498 544
35 1 236 565 574
9 20 509 505 485
12 15 461 488 551
36 30 115 552 551
10 19 485 515 505
25 23 653 596 566
15 10 624 585 529
13 10 40 589 551
37 31 300 518 520
26 24 92 545 592
16 13 995 584 537
40 4 42 570 507
14 13 841 523 506
38 32 7 589 573
27 21 750 559 546
1 16 473 567 528
39 29 883 546 562
28 26 731 517 200
41 20 362 549 490
40 26 332 500 537
5 14 208 520 515
29 3 848 558 490
1 38 928 559 565
6 1 20 547 504
30 4 572 595 508
7 16 370 538 557
31 25 612 558 584
18 6 475 534 590
8 15 156 547 502
32 30 279 506 526
19 3 703 565 521
31 35 692 497 555
35 34 505 527 555
33 18 669 575 577
23 5 942 543 485
34 29 746 586 490
24 2 65 588 567
35 28 202 551 494
40 35 942 555 527
12 8 204 544 603
36 3 865 548 575
15 17 472 523 581
13 1 360 516 524
37 6 749 501 500
11 17 940 600 502
26 25 872 563 503
16 22 141 579 534
14 6 1 485 560
38 25 579 504 486
1 7 487 501 534
25 4 775 551 492
39 24 599 561 507
28 31 954 500 508
26 3 834 566 486
40 23 139 508 513
29 26 729 573 601
6 10 544 489 163
30 29 704 556 595
4 26 344 133 200
41 13 103 569 526
31 4 926 509 588
5 19 487 604 601
8 8 545 514 596
32 27 884 515 507
6 20 55 545 603
17 22 24 596 555
7 25 967 504 503
20 1 294 552 590
32 33 310 537 601
34 22 872 514 537
35 19 165 527 599
9 2 943 556 537
33 15 752 538 584
36 12 949 559 577
34 16 800 569 547
37 13 929 522 500
35 13 960 600 484
16 19 607 587 550
38 2 914 579 564
12 19 509 532 570
36 18 988 543 551
1 30 246 560 588
39 15 170 540 526
13 22 850 573 511
28 24 204 574 499
40 16 685 575 540
14 25 373 535 534
29 17 240 484 565
41 28 666 589 565
27 1 325 513 549
30 22 821 553 563
28 14 463 568 518
5 26 595 525 209
29 15 68 505 565
32 4 427 559 555
30 16 406 518 529
28 36 134 343 522
17 13 693 504 602
7 20 319 593 527
22 26 750 23 217
23 23 815 601 579
21 3 732 502 570
24 24 781 602 551
22 4 126 487 544
9 9 32 564 494
33 6 755 503 522
38 33 261 561 485
10 6 293 593 547
34 1 656 572 502
24 14 786 575 549
37 12 138 575 536
11 3 889 605 538
35 8 199 588 563
41 30 201 505 504
38 11 241 583 540
12 12 194 539 538
36 23 320 559 580
1 21 763 511 548
25 18 307 550 515
15 5 773 524 539
39 2 356 538 504
13 13 930 513 542
37 18 960 494 591
26 13 308 575 82
16 2 867 599 517
40 5 491 504 545
14 18 410 546 496
38 21 705 570 515
1 11 624 587 512
39 28 657 490 485
28 3 898 594 602
31 14 937 576 592
5 1 902 570 420
29 6 594 579 510
1 33 100 492 518
17 4 894 563 586
7 11 167 511 598
31 24 270 529 601
29 36 924 590 418
18 3 626 583 536
8 20 902 592 540
32 23 512 574 603
30 35 368 541 518
17 26 465 559 522
22 13 481 27 73
9 16 963 588 552
33 29 205 505 486
23 4 206 594 530
10 15 200 592 574
34 26 384 595 556
11 14 461 487 538
35 31 206 577 561
9 22 607 565 584
12 1 891 601 557
36 32 279 532 556
10 17 331 490 560
25 25 692 593 569
15 16 819 566 548
41 29 306 495 528
13 12 554 493 547
37 25 7 565 574
11 24 77 545 558
26 22 293 579 557
16 15 469 561 584
14 11 919 513 567
38 30 883 566 511
27 19 535 506 491
1 2 145 492 547
39 19 33 523 525
28 28 97 521 587
40 28 582 540 576
5 16 431 559 496
29 29 595 593 506
33 35 420 550 602
6 15 843 594 532
30 2 32 575 513
7 14 581 543 498
31 31 647 528 507
5 22 397 536 521
8 9 368 521 548
32 32 688 525 519
19 1 579 537 569
17 17 442 595 543
31 33 85 515 487
33 20 79 544 578
34 19 574 599 493
24 4 232 544 553
35 26 839 540 589
36 5 558 576 539
10 26 927 502 200
15 23 340 554 486
13 3 321 590 576
37 8 552 576 568
16 24 100 545 550
14 4 100 554 563
38 7 800 523 541
1 25 768 536 500
25 6 256 494 602
39 22 910 508 581
13 25 608 519 575
28 17 693 556 593
26 1 222 604 578
40 17 616 587 605
29 28 691 537 493
30 27 713 541 571
41 15 727 489 522
31 2 877 496 513
41 8 532 563 546
8 2 367 553 567
32 5 304 498 596
6 18 655 592 492
17 24 360 511 539
41 21 253 491 586
20 3 10 556 591
32 35 229 493 503
21 6 494 504 563
24 25 225 583 550
37 33 587 570 546
35 17 365 491 494
9 4 249 498 501
33 1 838 505 557
36 14 466 531 498
10 3 832 591 593
34 14 875 548 577
15 26 841 585 202
37 15 505 588 594
11 26 523 500 231
35 11 755 486 566
38 16 157 593 562
12 21 362 532 525
36 20 346 592 536
1 32 232 588 605
25 13 338 547 68
15 4 189 570 579
39 13 858 585 596
13 24 139 554 572
37 21 864 498 515
40 10 788 487 605
14 23 325 535 524
29 19 774 568 514
27 15 810 523 570
30 20 328 558 537
4 1 98 550 439
28 16 196 543 526
41 2 698 572 586
32 14 210 549 528
30 14 838 592 487
17 15 881 507 590
7 18 630 567 581
31 19 349 509 541
8 21 441 565 517
23 21 60 534 526
24 18 82 577 536
41 34 937 560 508
22 2 485 535 523
9 11 56 582 565
23 15 399 511 488
10 12 204 530 561
34 7 916 490 524
24 16 45 601 495
11 1 52 538 545
35 6 484 535 568
9 17 824 522 549
38 9 327 484 550
12 14 792 525 559
36 25 309 545 573
1 23 607 545 523
25 20 503 543 504
15 11 34 545 488
39 8 676 520 521
13 15 724 575 592
37 20 235 542 582
26 19 487 580 559
16 4 613 601 578
40 7 454 554 505
14 16 378 533 586
38 19 33 556 574
1 13 529 498 523
39 26 408 484 535
4 10 166 111 163
28 5 430 571 572
40 29 228 588 597
1 35 931 582 533
30 7 101 502 247
17 6 472 485 492
41 3 73 598 582
31 22 222 553 549
41 6 407 547 549
18 1 962 515 593
8 14 829 577 565
32 17 859 577 546
30 33 924 559 535
35 35 795 603 494
33 31 580 504 560
23 2 901 522 602
10 13 186 563 599
34 32 691 539 503
24 5 460 490 541
11 12 957 504 500
35 29 916 603 575
9 24 837 605 572
40 34 524 577 493
12 3 824 496 524
36 2 690 522 564
10 23 106 588 593
15 14 204 588 569
13 6 983 571 587
37 27 261 602 485
11 22 637 600 593
41 25 267 485 518
16 9 181 556 564
14 9 125 530 510
38 28 742 493 597
12 25 154 539 556
27 17 391 551 563
1 4 965 580 546
25 1 549 502 530
39 17 656 598 512
28 30 158 563 533
40 22 638 601 530
5 10 768 601 181
29 31 517 526 595
6 13 532 558 512
30 32 916 519 523
41 10 656 559 531
31 29 43 581 538
5 24 128 518 535
8 11 5 490 560
32 26 215 569 538
6 23 464 556 514
17 19 504 527 566
33 22 388 574 511
23 25 256 526 565
36 33 36 582 599
34 17 911 484 601
35 24 377 485 587
36 7 23 592 585
34 11 524 577 558
15 21 753 507 568
37 2 368 532 536
16 18 118 540 595
14 2 934 598 543
38 5 268 553 516
12 18 862 534 540
1 27 401 525 543
39 12 960 499 549
28 19 971 545 546
26 7 381 534 273
40 19 959 549 532
29 22 338 538 561
3 1 858 494 435
27 6 930 548 532
30 25 616 535 592
18
3 3
163 3
163 213
83 213
83 563
363 563
363 143
723 143
723 283
483 283
483 563
603 563
603 773
883 773
883 -137
-77 -137
-77 843
3 843
