10
1 7101 2 11298 3 10641 4 9291 5 10469 6 5904 7 9132 8 9097 9 9671 10 7793 
1 6133 2 7599 3 6059 4 5363 5 6362 6 5447 7 4926 8 4092 9 4205 10 7936 
39
5 8 63 1493 1658
4 1 79 1621 1358
3 9 90 1577 1679
3 2 68 1690 1733
3 7 3 1777 1559
2 7 56 1695 1708
3 6 39 1537 1660
1 4 64 1576 1516
5 1 70 1747 1490
2 3 99 1614 1535
4 4 82 1457 1500
5 5 86 1534 1453
2 6 65 1764 1588
4 7 28 1635 761
3 3 89 1577 1686
5 2 46 1513 1653
2 2 100 1452 1790
3 8 64 1511 1535
4 3 39 1702 1558
1 1 18 1613 1787
5 6 78 1644 1468
1 5 77 1582 1456
2 5 24 1583 1658
3 4 21 1468 1656
5 3 46 1723 1546
2 1 3 1522 1744
1 9 7 82 1542
4 6 59 1590 570
1 2 37 1652 1554
5 7 57 1538 1798
4 2 9 1581 1790
1 3 77 1496 1710
3 1 10 1515 1587
2 9 8 1723 1662
5 4 41 1780 1657
2 8 86 1449 1477
1 6 44 1522 1714
4 5 49 1702 1550
3 5 17 1457 1481
46
6 6
-64 6
-64 36
6 36
6 66
-64 66
-64 216
6 216
6 186
-54 186
-54 96
6 96
6 156
26 156
26 6
36 6
36 96
66 96
66 6
76 6
76 276
66 276
66 156
36 156
36 306
96 306
96 6
156 6
156 36
106 36
106 126
136 126
136 66
156 66
156 156
106 156
106 186
156 186
156 216
106 216
106 246
156 246
156 276
176 276
176 -24
6 -24
