40
1 2825 2 4961 3 400 4 2449 5 3259 6 6959 7 1286 8 1942 9 1114 10 2495 11 3407 12 3811 13 5014 14 2552 15 2826 16 2004 17 2826 18 6983 19 2222 20 1710 21 2311 22 684 23 3741 24 2746 25 962 26 3766 27 877 28 1464 29 1210 30 1106 31 870 32 1007 33 400 34 2128 35 915 36 2356 37 434 38 1930 39 5152 40 1992 
1 2537 2 1098 3 465 4 2087 5 2249 6 2546 7 400 8 1962 9 400 10 2331 11 2709 12 3452 13 3322 14 1963 15 4565 16 4878 17 2947 18 2422 19 2803 20 3346 21 661 22 651 23 3252 24 2709 25 812 26 2422 27 1493 28 1617 29 1721 30 2229 31 2985 32 1009 33 2709 34 2237 35 2175 36 1327 37 1414 38 400 39 5251 40 2314 
774
8 4 71 476 446
32 7 88 485 495
6 32 9 458 473
4 36 31 478 450
17 10 80 452 497
22 29 25 463 439
5 37 54 498 477
20 5 47 495 453
18 21 84 466 476
8 26 57 451 299
23 20 64 494 480
21 8 72 486 473
24 27 25 459 438
9 6 69 452 451
14 33 75 425 487
10 1 9 405 241
15 32 1 417 471
11 8 44 410 44
16 31 30 426 241
36 22 61 423 403
13 18 72 411 410
26 16 58 479 462
14 21 2 44 268
3 28 2 480 48
27 13 61 418 443
4 3 33 431 41
28 2 60 424 476
16 35 16 469 476
31 15 55 460 494
5 6 60 436 427
29 11 74 439 258
32 16 32 455 281
6 25 21 491 419
30 12 44 488 437
17 1 26 461 467
5 36 11 429 486
20 14 96 447 415
18 14 44 400 428
32 22 65 460 495
6 35 3 414 453
19 11 5 467 424
24 20 35 401 430
22 16 36 458 292
9 13 84 465 45
33 26 22 482 242
23 13 32 450 42
10 10 10 464 455
11 15 32 499 441
12 16 90 414 415
36 27 18 471 486
15 9 43 408 492
13 9 59 439 403
2 22 7 407 428
26 17 88 467 454
14 14 38 407 497
3 19 35 500 438
1 15 35 444 417
4 12 34 410 413
2 16 40 443 295
5 13 75 48 41
29 2 60 442 435
3 13 82 455 427
4 18 71 464 41
2 34 94 487 489
17 8 63 442 488
7 15 71 448 406
18 7 32 483 485
8 16 5 484 411
32 19 65 478 440
7 33 1 271 47
22 9 100 410 470
18 25 34 417 410
8 38 13 432 41
23 8 81 418 49
34 30 92 490 486
11 10 19 453 417
35 27 37 455 426
12 5 56 464 482
15 20 74 490 472
13 8 41 496 401
1 6 89 437 434
13 30 84 466 435
2 1 8 493 252
26 4 4 475 483
5 12 52 411 417
3 8 36 402 47
6 11 15 467 244
4 23 85 490 481
31 3 38 433 45
5 18 96 454 474
3 34 11 414 471
8 5 33 491 500
6 21 58 412 437
17 21 10 426 484
7 28 92 277 40
22 18 69 496 44
18 18 8 442 476
33 24 23 476 464
23 31 17 483 455
34 23 45 406 470
24 32 94 444 463
13 33 23 425 404
35 22 99 492 432
9 1 72 447 263
33 18 54 451 46
10 30 51 409 467
11 27 56 447 468
16 20 78 421 417
13 21 39 464 414
28 21 7 416 433
2 26 15 472 450
26 5 52 474 464
14 26 82 405 485
27 4 80 483 461
30 23 89 416 46
28 11 21 299 272
31 6 74 478 260
5 25 78 494 496
29 14 90 444 450
6 30 26 416 476
4 38 4 429 49
17 12 16 429 425
22 27 68 423 404
20 7 44 413 468
18 11 57 411 486
8 28 21 496 50
23 18 15 454 424
19 18 33 245 45
17 34 97 448 421
9 8 86 463 431
23 12 31 487 442
11 6 76 408 275
36 24 31 459 403
25 17 30 437 445
15 8 70 464 40
13 20 83 470 439
2 19 50 435 498
26 14 41 417 435
14 19 12 422 400
3 26 96 488 494
27 11 37 433 433
1 10 20 477 482
24 33 23 413 45
31 13 74 480 493
5 8 53 497 46
32 10 49 498 491
17 3 87 469 413
31 23 78 477 413
20 16 97 48 276
18 4 88 416 495
8 17 42 427 418
32 24 7 497 484
6 33 86 479 489
21 9 42 492 428
19 9 95 478 416
17 25 97 492 468
11 35 95 450 422
9 15 26 454 429
10 16 80 423 428
34 27 9 449 463
11 13 97 444 41
36 29 55 469 407
10 18 64 454 45
15 15 95 490 465
13 11 20 490 452
11 23 6 473 47
26 23 61 425 489
16 16 78 293 241
14 12 39 424 409
27 22 72 464 464
1 1 58 290 293
4 14 97 446 400
2 14 97 403 428
5 15 69 483 467
3 11 67 478 414
6 16 34 434 416
30 3 29 420 45
4 20 13 445 445
7 13 22 414 42
31 26 41 462 407
5 21 94 407 493
3 37 66 499 406
18 5 25 451 402
8 10 78 484 431
17 32 43 410 474
22 23 55 414 412
18 31 18 476 293
33 19 13 470 408
12 33 82 451 442
34 20 79 442 500
24 1 81 479 270
35 25 10 400 451
10 27 36 428 409
15 18 2 404 442
11 18 3 486 45
16 21 96 412 261
1 8 67 500 453
13 32 23 489 489
28 18 4 477 410
2 7 39 489 472
26 2 80 451 438
14 31 68 44 279
27 7 41 401 404
6 9 33 400 446
4 25 8 457 424
7 8 69 416 467
5 20 35 488 458
8 7 21 468 438
32 6 71 427 275
6 19 19 468 428
17 23 47 438 439
7 26 27 296 270
22 32 79 474 474
20 4 53 487 406
18 24 56 422 451
23 29 83 480 464
21 5 19 448 400
34 21 41 418 498
24 26 23 487 478
13 35 79 418 453
35 20 52 485 435
9 3 57 406 45
14 36 80 466 288
10 4 20 455 473
11 25 72 500 411
13 23 36 468 463
28 23 81 404 44
26 11 50 489 423
14 24 70 475 459
29 18 90 448 425
27 2 77 465 428
30 21 7 486 272
28 13 88 458 469
16 34 62 484 460
31 12 12 474 463
5 27 51 430 486
29 16 77 48 270
6 28 52 441 406
30 15 66 496 487
17 14 27 454 488
7 17 74 405 488
22 25 45 453 470
5 33 30 490 497
20 9 2 488 434
18 9 57 480 458
23 24 7 497 434
6 38 6 476 40
21 4 45 485 456
10 35 7 407 430
17 36 89 405 282
22 3 71 463 45
9 10 27 453 459
23 10 100 487 458
10 5 16 404 435
11 4 46 453 496
19 14 92 418 464
36 26 24 419 406
13 14 62 458 404
26 20 63 454 432
16 1 52 418 300
14 17 15 400 470
3 24 30 465 438
27 9 67 481 455
2 11 40 460 447
29 7 58 427 463
32 12 71 433 457
6 5 99 457 478
30 8 84 483 42
18 34 70 436 500
17 5 45 495 467
31 21 12 455 244
20 18 67 424 47
18 2 82 424 404
32 18 80 486 496
21 11 96 451 436
22 12 59 451 443
11 33 42 450 458
23 1 33 499 466
19 13 50 470 475
10 14 35 426 497
34 25 76 468 417
11 11 29 401 248
12 4 9 446 448
36 31 27 407 249
10 24 84 425 467
15 13 46 416 406
26 21 92 441 466
14 10 92 444 426
27 20 55 406 494
1 3 41 453 486
4 16 97 408 282
2 4 55 479 406
5 9 97 482 479
3 9 46 434 464
6 14 16 469 419
30 1 31 429 489
4 22 75 436 431
2 38 82 430 430
7 3 10 417 46
5 23 70 401 420
3 35 49 406 406
6 24 99 467 429
21 18 12 489 44
17 18 71 400 497
7 37 33 413 462
33 21 93 459 400
23 28 30 440 495
12 35 27 426 443
34 18 15 400 45
35 23 38 440 409
10 25 38 419 420
11 32 91 453 427
12 31 31 400 251
13 26 83 450 461
28 20 53 400 406
2 5 64 489 461
26 8 99 442 443
14 29 16 496 458
29 21 82 50 282
27 5 68 432 407
15 36 100 408 283
7 6 70 473 468
31 7 54 446 431
5 30 24 444 465
8 1 19 449 441
32 8 80 429 426
6 17 26 477 497
4 33 27 498 48
17 9 6 444 481
7 32 25 464 469
22 30 25 457 484
20 6 35 490 424
18 22 38 431 428
8 31 79 450 290
23 19 9 471 415
21 7 92 483 429
24 28 98 433 498
22 8 21 277 48
35 18 5 406 49
9 5 99 489 430
14 34 38 424 487
19 15 80 433 411
15 31 17 470 267
16 32 81 466 488
24 24 58 408 477
36 19 96 466 409
15 1 32 405 267
13 17 4 432 415
26 9 5 444 491
14 22 64 483 452
29 20 50 481 486
3 27 27 488 479
27 16 62 406 453
28 15 4 463 429
16 36 18 493 269
31 10 51 489 496
5 5 84 476 433
32 13 72 414 418
6 26 38 411 499
30 13 84 462 470
18 36 47 449 244
17 16 41 495 401
5 35 5 459 499
20 11 37 419 472
18 15 47 450 400
23 22 23 452 402
6 36 67 428 479
10 33 96 404 459
24 17 22 450 467
18 33 68 430 436
33 25 60 433 492
23 16 5 419 275
10 11 9 469 256
9 18 99 478 46
12 13 65 408 50
36 28 67 461 444
15 12 53 451 407
13 16 24 409 410
2 23 42 477 434
26 18 52 478 406
14 15 61 417 494
3 22 35 433 488
27 23 51 406 45
1 14 90 422 487
4 9 86 410 468
2 9 4 482 440
5 4 87 450 443
29 1 13 441 427
3 16 44 407 290
25 33 48 483 40
6 3 54 402 50
30 6 53 465 290
2 35 84 403 434
17 7 69 455 475
7 10 8 416 410
18 8 52 491 413
8 13 50 435 41
32 20 47 451 471
7 36 11 296 299
22 10 34 497 418
18 26 60 492 257
19 31 80 442 273
34 31 85 438 429
11 9 63 463 424
35 30 91 404 408
12 6 77 493 249
15 19 37 427 492
14 8 1 415 46
33 23 44 404 488
27 18 40 437 424
1 5 77 488 476
13 29 69 438 400
2 2 79 420 444
5 11 50 45 264
4 24 99 489 468
5 17 31 455 484
3 33 14 434 48
8 6 36 464 491
32 25 44 417 448
6 22 53 461 437
17 20 28 498 410
7 27 26 428 406
18 19 71 429 500
8 36 43 424 284
23 26 35 483 419
31 22 85 401 459
19 26 97 480 264
34 24 38 422 482
24 29 14 456 443
35 21 28 473 407
10 31 91 439 441
11 30 86 409 425
16 17 2 423 491
14 1 9 421 286
12 17 28 426 421
13 28 7 451 478
28 22 97 424 457
2 27 15 497 458
26 6 82 480 414
14 27 29 489 445
29 23 12 405 44
3 2 91 422 422
27 3 75 494 451
15 34 11 431 422
28 12 82 409 414
5 32 7 465 471
29 13 82 423 459
8 3 96 401 45
6 31 16 411 402
4 35 56 410 476
17 11 56 440 436
22 28 91 476 485
5 38 27 464 44
20 8 92 405 409
18 12 68 498 499
23 17 24 496 416
19 17 1 406 406
17 33 63 433 484
9 7 79 438 425
23 11 59 417 452
10 8 15 253 46
11 5 35 494 442
36 21 49 473 425
25 16 72 421 258
13 19 100 430 408
2 20 87 440 488
26 15 43 434 432
16 8 72 471 50
14 20 29 436 492
3 25 4 435 434
27 14 18 432 499
1 9 45 463 480
28 1 37 437 448
31 16 67 404 284
29 12 2 446 496
32 15 89 485 459
6 8 46 413 46
30 11 85 480 298
17 2 82 440 417
20 13 91 47 45
18 13 98 484 441
8 18 11 403 44
32 21 94 499 401
6 34 100 446 460
21 16 91 456 292
19 12 69 432 441
24 19 3 417 439
9 14 100 474 454
10 9 86 433 474
34 28 49 409 491
11 16 55 410 441
12 15 52 470 442
36 30 36 499 475
15 10 81 437 410
13 10 33 418 418
37 31 77 468 271
2 21 56 412 449
14 13 87 481 448
3 20 22 408 405
27 21 10 472 420
1 16 46 462 454
4 11 83 447 411
2 15 99 430 444
5 14 94 467 465
29 3 57 478 46
3 14 60 471 407
2 33 44 426 430
7 16 60 456 400
31 25 34 428 441
18 6 38 499 480
8 15 45 492 466
17 31 28 458 258
22 24 62 429 433
18 32 9 418 443
8 37 28 482 483
12 34 72 496 493
34 29 84 418 460
35 28 12 427 483
10 28 72 486 420
15 17 86 421 455
13 1 38 447 256
11 17 79 439 448
1 7 27 467 461
13 31 19 424 419
2 8 75 40 48
26 3 43 445 452
14 32 64 447 450
6 10 88 414 452
4 26 78 265 278
7 7 36 420 463
5 19 27 454 461
8 8 64 467 458
6 20 58 454 436
17 22 6 456 490
22 17 16 408 497
19 36 58 493 288
18 17 41 425 496
23 32 16 480 440
34 22 97 435 430
24 31 100 432 490
13 34 57 464 453
35 19 52 499 496
10 29 75 499 495
11 28 85 482 484
16 19 99 486 409
36 18 78 402 42
13 22 77 406 431
2 25 77 496 408
26 12 78 425 499
14 25 89 460 432
29 17 99 401 459
27 1 30 491 405
30 22 25 471 433
28 14 28 494 421
31 11 13 475 455
5 26 33 453 494
29 15 10 439 451
6 29 26 455 430
30 16 48 483 300
4 37 93 436 413
17 13 32 475 457
22 26 22 436 460
20 10 81 402 499
18 10 69 499 484
8 27 45 457 498
23 23 18 449 415
21 3 30 435 49
10 36 62 456 467
17 35 96 443 403
9 9 95 486 486
23 9 15 487 400
10 6 68 277 268
11 3 89 489 44
36 23 38 470 450
25 18 16 284 44
13 13 53 404 49
37 18 10 475 45
2 18 44 480 406
26 13 48 421 416
14 18 21 492 412
3 23 57 429 445
27 12 68 494 491
1 11 17 446 278
4 8 81 453 47
28 3 63 284 40
2 12 32 474 416
31 14 84 445 448
29 6 78 496 451
32 9 89 426 451
6 6 38 474 240
17 4 40 491 421
7 11 84 466 247
31 24 90 469 450
20 15 23 420 453
18 3 33 449 482
32 23 3 410 488
21 10 84 491 475
19 10 48 440 458
17 26 14 411 468
22 13 60 498 40
11 36 17 402 286
9 16 51 478 433
10 15 50 434 446
34 26 24 404 425
11 14 83 466 492
35 31 42 472 252
12 1 4 418 274
10 17 4 433 471
15 16 16 483 454
11 24 86 420 500
26 22 84 463 424
14 11 10 455 421
3 18 25 446 47
27 19 33 411 480
1 2 72 423 482
4 13 50 439 433
2 13 5 443 414
5 16 81 464 410
3 12 13 412 464
6 15 30 430 457
30 2 84 433 437
4 19 43 441 414
7 14 15 470 476
5 22 88 414 471
3 38 57 473 50
8 9 7 490 436
23 33 48 468 49
21 17 20 500 495
17 17 68 431 428
33 20 25 430 457
23 27 50 478 482
12 36 63 488 243
34 19 91 410 454
35 26 37 456 425
33 22 37 435 461
10 26 55 488 498
13 3 16 413 47
11 31 44 50 283
12 32 56 489 458
13 25 42 441 464
28 17 88 435 446
2 6 17 476 405
26 1 78 487 487
14 30 95 423 493
3 3 25 488 44
27 8 44 472 456
15 35 52 469 471
4 28 29 401 49
7 5 61 436 418
5 29 86 481 474
6 18 22 434 436
4 34 52 498 404
17 24 19 409 435
7 31 68 271 244
22 31 88 461 462
20 3 19 445 485
18 23 45 488 420
8 32 45 479 466
23 30 34 499 495
21 6 15 496 482
24 25 26 478 412
13 36 28 431 268
9 4 3 494 416
14 35 64 409 479
10 3 19 484 46
11 26 65 463 459
36 20 54 441 419
13 24 44 444 410
26 10 82 435 478
14 23 65 459 433
29 19 96 452 497
27 15 72 495 412
4 1 50 401 273
28 16 53 472 446
16 33 59 490 436
31 9 79 421 424
5 28 20 416 485
32 14 74 409 458
6 27 56 438 471
30 14 4 443 437
17 15 96 477 416
7 18 15 268 48
5 34 55 500 424
20 12 85 400 442
18 16 34 437 445
23 21 93 448 408
6 37 9 453 452
21 13 24 479 43
10 34 6 462 415
24 18 66 464 405
9 11 48 461 275
19 16 89 493 407
24 16 89 407 290
11 1 37 492 260
9 17 1 475 470
24 23 84 455 451
12 14 9 491 447
36 25 4 404 421
15 11 10 497 474
13 15 1 486 465
2 24 84 490 484
26 19 39 473 400
14 16 81 453 425
3 21 1 492 469
27 10 20 424 410
1 13 7 487 435
4 10 11 487 475
2 10 100 474 448
5 3 12 481 494
29 8 90 493 405
3 15 9 465 415
32 11 43 453 409
6 4 24 428 479
30 7 71 449 446
18 35 60 406 460
2 36 68 451 400
17 6 74 459 428
7 9 4 406 443
22 33 23 470 485
20 17 96 408 434
18 1 95 489 471
8 14 97 432 408
21 12 99 488 420
19 8 62 262 46
22 11 62 418 470
11 34 46 439 447
10 13 33 488 47
35 29 89 401 400
12 3 20 438 42
10 23 6 409 447
15 14 90 443 476
13 6 21 447 292
14 9 5 435 443
27 17 46 441 422
1 4 10 487 459
25 1 57 417 294
4 15 91 494 469
2 3 48 50 45
5 10 31 452 408
24 22 44 491 473
3 10 97 417 428
6 13 41 442 45
4 21 22 499 437
2 37 96 434 453
7 4 69 489 422
5 24 49 438 466
3 36 93 421 490
8 11 84 426 263
32 26 80 424 240
6 23 6 480 472
17 19 52 469 411
7 38 20 407 46
18 20 100 428 419
8 33 59 442 45
23 25 68 465 412
24 30 51 477 462
35 24 92 465 496
10 32 7 459 418
15 21 89 461 253
11 29 10 464 487
16 18 13 459 484
24 21 58 425 475
12 18 37 499 45
13 27 23 471 482
28 19 45 476 433
2 28 10 426 493
26 7 65 468 413
14 28 59 460 467
29 22 15 401 429
3 1 75 433 259
27 6 99 447 481
15 33 33 463 442
31 8 8 478 497
5 31 57 416 443
116
8 8
68 8
68 58
38 58
38 158
128 158
128 108
98 108
98 58
248 58
248 108
188 108
188 158
218 158
218 208
98 208
98 258
278 258
278 208
248 208
248 158
308 158
308 308
338 308
338 8
158 8
158 -42
368 -42
368 158
398 158
398 58
428 58
428 158
458 158
458 258
398 258
398 308
518 308
518 8
458 8
458 -42
608 -42
608 58
548 58
548 208
608 208
608 158
578 158
578 108
638 108
638 308
578 308
578 408
638 408
638 358
728 358
728 608
668 608
668 508
608 508
608 458
518 458
518 358
488 358
488 658
428 658
428 458
458 458
458 358
368 358
368 508
338 508
338 408
278 408
278 608
368 608
368 708
188 708
188 458
218 458
218 608
248 608
248 358
128 358
128 508
158 508
158 558
128 558
128 608
158 608
158 658
128 658
128 708
158 708
158 758
38 758
38 658
98 658
98 508
68 508
68 558
38 558
38 358
98 358
98 308
8 308
8 258
38 258
38 208
-52 208
-52 108
8 108
8 58
-22 58
-22 -42
8 -42
