40
1 19502 2 8082 3 19437 4 1821 5 5722 6 8327 7 9801 8 2277 9 14764 10 2872 11 11291 12 9627 13 4096 14 8575 15 10638 16 5665 17 3609 18 9269 19 5290 20 14591 21 10198 22 16760 23 5794 24 11497 25 9008 26 6455 27 3794 28 20014 29 18888 30 12181 31 12243 32 14447 33 12468 34 10267 35 14950 36 5962 37 19899 38 12383 39 8939 40 4893 
1 3685 2 15007 3 10226 4 13068 5 11533 6 4807 7 7585 8 16486 9 9624 10 9440 11 11506 12 4505 13 3690 14 10411 15 1838 16 5512 17 4774 18 12504 19 12515 20 900 21 15179 22 13278 23 10705 24 10123 25 12061 26 16739 27 14309 28 17174 29 4964 30 16147 31 3425 32 5857 33 950 34 16457 35 6642 36 15698 37 13423 38 17840 39 12932 40 13579 
1520
32 7 25 949 1028
22 29 97 1017 926
5 37 6 943 907
8 26 27 1059 998
37 35 44 964 932
10 1 97 905 776
35 9 37 993 1024
16 31 7 984 1007
38 14 82 970 1004
25 15 60 998 934
14 21 32 1103 956
4 3 79 950 1042
29 11 66 1072 907
32 16 80 1105 904
22 38 82 942 1111
5 36 91 1104 1015
9 39 12 986 1073
8 23 35 1035 1051
30 38 49 1042 981
34 35 32 901 1061
17 39 98 1051 1108
23 13 87 1107 1048
10 10 33 1072 980
35 4 30 1056 1025
25 22 8 940 1011
14 14 48 957 999
1 15 58 1035 966
4 12 16 1066 962
29 2 29 1112 1121
2 34 37 1108 1021
8 16 22 985 906
17 30 42 1003 1031
23 8 73 979 951
35 27 51 1089 1038
25 29 91 1004 1028
11 20 12 1093 973
14 7 75 1050 925
1 6 66 1085 944
26 4 4 1100 976
29 25 5 1027 1057
5 18 87 925 1076
27 35 12 1014 904
8 5 11 907 900
17 21 59 1049 1013
20 2 84 975 1058
23 31 8 910 1020
13 33 54 996 936
35 22 10 1015 1051
11 27 34 1053 924
1 29 88 1069 1123
26 5 45 966 1029
29 24 40 1047 1046
15 39 77 996 1037
5 25 79 1045 1039
17 12 86 985 960
20 7 63 908 1100
23 18 20 1079 934
6 40 92 1094 666
38 34 4 1123 1011
11 6 7 1080 1119
36 24 31 1096 924
1 20 89 1124 901
26 14 98 1098 923
5 8 23 907 1063
30 10 14 1124 1017
17 3 55 974 968
20 16 83 1054 1020
6 33 64 1076 1006
10 38 88 1092 1089
35 40 39 1111 787
18 38 99 934 944
24 12 36 1122 1027
11 13 71 955 1031
36 29 51 1118 901
26 23 25 951 928
2 14 35 925 905
5 15 67 1046 936
30 3 73 926 1102
20 21 95 913 1017
3 37 30 1046 957
23 36 91 1038 1020
31 36 3 968 930
18 31 58 1009 982
24 1 81 960 632
33 9 26 1066 1000
36 6 20 953 1055
26 32 26 1001 950
12 29 21 918 976
2 7 80 1118 931
27 7 12 1014 1025
30 28 33 1032 1116
20 30 21 906 937
6 19 44 965 986
18 24 85 1010 920
21 5 23 1048 1105
24 26 80 1014 999
33 16 83 1075 1019
14 36 18 1072 1037
36 11 80 936 953
12 22 73 974 972
15 3 24 977 955
2 32 98 973 904
27 2 31 1048 1042
30 21 77 1093 910
16 34 51 1036 1028
20 35 3 1080 975
6 28 4 906 934
28 35 54 1035 1066
18 9 53 923 1104
21 4 82 944 1027
24 23 4 900 1055
33 7 59 928 925
12 11 49 1017 982
15 6 99 1123 910
37 19 18 951 968
2 17 37 1098 1043
27 9 6 987 975
6 5 27 1006 1125
31 21 2 969 1002
18 2 25 1090 1016
21 11 41 1111 1013
11 33 23 946 1004
33 30 81 1093 938
19 33 96 939 1024
9 23 35 916 1053
12 4 50 1009 1027
15 13 86 1041 1046
37 26 16 1056 969
27 20 50 1088 967
3 9 50 1124 1038
25 38 91 968 986
6 14 95 1123 900
31 32 96 943 946
21 18 83 1114 1053
24 37 64 1109 1000
7 37 65 1059 914
33 21 12 1101 1107
32 37 20 1047 1021
36 34 65 925 1114
19 28 4 946 902
9 30 78 982 1092
34 12 77 999 919
15 24 43 946 1105
37 1 89 965 763
27 27 21 1008 1012
13 26 87 924 1061
3 4 89 936 919
28 10 87 998 904
31 7 41 942 1073
21 25 77 914 976
4 33 16 1109 1000
7 32 24 1017 1078
36 39 85 1032 909
19 19 75 1020 1082
22 8 71 970 981
9 5 80 911 946
34 13 4 918 924
15 31 8 1122 904
37 16 2 900 924
13 17 53 1093 997
16 6 6 973 978
3 27 61 1052 1112
28 15 12 975 1044
31 10 99 1003 944
21 40 44 1022 787
7 23 51 920 930
29 40 56 1114 655
33 35 10 1120 1103
19 14 79 922 1118
22 1 34 909 755
9 12 79 954 1120
34 6 44 959 1118
13 16 75 953 932
16 3 72 1048 929
38 18 62 939 1035
3 22 78 925 1098
28 8 43 923 928
1 36 17 1086 1016
7 10 8 912 1038
32 20 22 911 934
19 5 88 924 1097
22 10 63 941 1001
34 31 60 1034 949
10 22 48 1009 947
13 7 88 1006 1105
16 12 42 969 1070
38 27 46 996 1012
25 2 62 924 1081
28 29 9 924 1088
4 24 54 920 916
26 39 60 1077 982
7 1 57 1083 782
32 25 85 998 904
22 19 4 1076 949
8 36 95 1101 925
12 37 22 953 996
34 24 98 994 901
37 37 21 943 1081
10 31 28 913 928
35 15 99 950 1102
16 17 68 919 979
38 4 78 978 1041
25 9 25 1005 902
28 22 23 952 1036
14 27 58 1083 1083
4 29 25 928 915
29 13 99 1090 1114
32 2 84 924 1024
22 28 55 1052 1015
5 38 83 1097 987
9 33 59 1031 911
8 25 49 1042 1070
17 33 77 1015 1099
37 36 7 1093 973
23 11 23 914 975
10 8 33 1103 952
35 10 44 921 1062
16 26 17 910 1075
38 13 28 1032 1021
25 16 24 969 1106
14 20 79 1123 1022
1 9 10 1026 1061
4 6 63 1023 932
29 12 99 1114 919
32 15 30 928 915
22 37 39 1069 962
9 40 78 907 763
8 18 3 984 1053
30 37 49 1027 1024
34 34 47 948 942
17 40 70 921 645
23 14 46 1000 1084
10 9 79 915 991
35 1 82 948 754
25 23 52 901 1055
14 13 75 980 989
1 16 64 913 1034
4 11 26 1116 1073
29 3 85 951 1119
2 33 73 901 972
8 15 59 1044 942
17 31 61 979 985
23 5 87 952 910
35 28 45 1093 998
25 30 22 1020 1001
11 17 74 924 1117
14 6 7 1065 1070
1 7 55 1072 1004
26 3 41 900 1058
29 26 8 907 1103
5 19 37 957 1058
27 36 46 966 1119
8 8 95 1028 915
17 22 83 962 1064
20 1 41 1018 750
23 32 28 1059 1040
13 34 27 1019 962
35 19 20 1027 1013
38 40 95 930 775
11 28 83 997 1063
36 18 57 995 966
1 30 34 990 1117
26 12 61 975 1113
29 17 73 1070 1045
15 40 20 1115 695
5 26 92 916 1012
30 16 24 1021 1102
17 13 22 992 1110
20 10 61 1011 1056
23 23 32 1093 1040
6 39 65 953 1080
10 36 21 916 972
18 36 39 1088 1073
38 33 95 1059 1066
24 14 31 946 948
11 3 1 938 1087
36 23 59 962 1015
1 21 93 978 965
26 13 40 971 983
2 12 62 1003 1018
5 1 52 939 749
30 9 58 960 1024
17 4 67 962 1119
20 15 6 948 1102
10 37 74 948 1088
35 37 15 1021 992
18 37 63 959 1026
24 11 25 1017 1006
11 14 63 1104 937
36 32 2 940 1068
26 22 74 911 993
2 13 41 1030 968
5 16 64 953 1044
30 2 89 1056 951
20 24 70 979 1124
3 38 18 993 1076
23 33 73 1095 933
31 33 78 927 929
18 30 6 1017 937
24 4 89 925 1031
33 10 24 1070 1002
36 5 36 954 1057
26 31 63 994 1084
12 32 67 1093 1092
2 6 48 1109 1086
27 8 36 906 1002
30 27 15 1055 1051
20 29 61 905 1122
6 18 6 1100 1104
18 23 82 980 954
21 6 24 1096 912
24 25 6 1076 951
33 1 63 953 765
14 35 9 976 999
36 14 100 994 991
12 21 36 1006 1099
15 4 4 1012 1004
37 21 29 905 974
2 31 75 959 1056
27 15 46 991 1059
30 20 41 1069 1077
16 33 33 1110 956
20 38 93 1058 1078
6 27 91 1116 1044
28 38 37 1122 930
31 19 71 937 1003
18 16 96 919 1031
21 13 82 968 1036
24 18 46 1103 1065
11 39 18 916 960
33 8 75 1027 1033
19 39 3 1122 925
9 17 11 1010 1004
12 14 81 1088 942
15 11 81 911 915
37 20 73 979 1043
2 24 19 1028 1004
27 10 39 1122 946
3 15 79 968 941
6 4 37 1007 924
31 22 62 954 950
18 1 25 964 679
21 12 55 1053 926
7 35 49 1042 942
11 34 35 909 948
33 31 42 1119 1110
19 34 45 1090 957
9 24 71 1064 981
12 3 6 1036 1052
15 14 97 929 925
37 27 37 927 1102
27 17 28 954 911
3 10 88 983 1101
25 39 59 1030 914
6 13 51 1117 1061
31 29 39 952 1049
21 19 70 999 930
24 40 14 1108 704
7 38 46 947 1101
33 22 56 948 1108
32 40 90 1114 787
36 33 24 1113 958
19 25 89 932 1033
9 31 4 915 908
34 11 50 1107 1125
15 21 71 956 1120
37 2 56 1053 1011
27 28 36 1007 1057
13 27 11 925 950
3 1 22 1006 751
28 9 94 970 1079
31 8 16 900 1015
21 26 45 1094 915
4 36 95 940 914
7 29 54 1016 1043
19 20 27 912 1072
22 7 91 1071 979
9 6 4 1003 940
34 4 93 1073 1001
15 32 26 984 1098
37 9 69 1054 1087
13 18 1 967 1099
16 5 3 902 998
38 24 87 944 969
3 28 93 1110 1033
28 2 77 1051 955
31 15 63 944 921
21 33 78 1081 1020
7 24 30 1055 1077
29 33 62 1111 912
33 36 88 1072 1086
32 22 20 1087 1005
19 11 62 972 1035
22 16 30 965 1102
9 13 86 929 1104
34 5 10 995 954
10 20 37 965 1113
13 9 61 961 1042
16 14 56 1048 1001
38 17 65 1119 1044
3 19 47 940 1011
28 7 72 1032 1049
1 37 74 961 961
4 18 17 956 1090
7 15 4 1019 1090
32 19 65 907 904
19 6 87 1082 902
22 9 79 920 1000
8 38 42 935 969
34 30 92 1003 986
10 21 62 935 924
13 8 76 985 996
16 11 24 926 1100
38 26 7 973 953
25 3 33 909 934
28 32 27 1117 980
4 23 27 1083 1008
26 38 85 1049 914
7 2 38 1105 1114
32 28 12 938 963
22 18 50 1065 901
8 35 17 1086 1019
12 40 97 904 719
34 23 60 1025 943
37 38 29 952 1054
10 30 85 948 985
35 16 42 946 947
16 20 1 926 937
38 3 26 1035 1097
25 10 26 1080 918
28 21 97 1114 1102
14 26 26 1125 998
4 32 5 1012 1042
29 14 4 1109 933
32 1 59 929 732
22 27 8 915 953
5 39 95 992 1076
9 34 47 912 1087
8 28 93 935 1089
17 34 49 1100 1011
23 12 27 1015 930
10 7 76 1061 1074
35 7 83 1009 989
16 25 19 911 939
38 12 9 966 1093
25 17 8 957 941
14 19 77 938 981
1 10 38 985 1040
4 5 69 1103 955
29 5 10 1111 1094
32 10 60 1044 1098
22 36 67 1066 1092
8 17 85 1099 1019
30 36 98 1120 1038
34 33 39 903 942
17 25 62 998 923
23 3 67 1072 1026
10 16 96 1027 1021
35 2 10 959 1112
25 24 7 1004 977
11 23 96 998 1071
14 12 71 1012 1106
1 1 43 939 903
4 14 83 960 1051
29 4 24 999 1063
2 40 64 923 707
5 21 49 1034 1042
8 10 78 985 914
17 32 16 915 1117
23 6 37 1019 1107
35 25 59 995 1020
25 31 29 938 996
11 18 39 914 1120
14 5 68 1123 932
1 8 66 978 998
26 2 8 954 990
29 27 20 1054 1082
5 20 1 1059 1112
27 33 25 1005 977
8 7 99 1073 965
17 23 59 998 1022
20 4 50 1067 970
23 29 59 928 1078
13 35 88 1084 1001
35 20 72 908 919
38 39 66 943 1040
11 25 8 1037 1059
36 17 99 1084 992
1 31 7 1064 907
26 11 76 1107 929
29 18 62 1039 1094
15 37 11 1012 1108
5 27 71 968 1042
30 15 8 1063 1028
17 14 27 1045 1076
20 9 35 1056 927
23 24 7 1006 968
6 38 70 1043 1042
10 35 36 1047 1067
18 35 38 1082 1089
24 13 3 1000 1028
11 4 82 1025 1011
36 26 45 902 1077
1 22 34 967 1049
26 20 36 1025 1040
2 11 73 1109 1117
5 2 5 906 1001
30 8 27 938 928
17 5 30 1057 1036
20 18 36 982 977
35 38 47 1006 997
18 28 93 955 972
24 6 83 986 953
11 11 73 938 947
36 31 1 1018 902
26 21 60 946 1033
12 26 50 1101 938
2 4 22 1049 1119
5 9 5 940 1042
30 1 33 1052 662
20 23 97 925 985
3 35 27 1086 1011
23 34 33 935 1091
6 24 96 929 931
31 34 55 1049 993
18 29 46 1031 1043
24 3 98 1058 1001
33 11 48 942 1006
36 8 3 920 917
26 30 21 1056 1112
12 31 66 1123 960
2 5 57 989 1051
27 5 25 1059 1113
30 26 13 1000 1116
20 32 83 1031 963
6 17 26 1013 1073
18 22 14 1030 1048
21 7 69 1073 949
24 28 100 984 1091
33 2 58 958 1107
14 34 48 1008 976
36 13 33 1071 999
12 24 99 990 1026
15 1 28 1105 771
37 22 36 1025 1037
2 30 50 916 1006
27 16 2 1081 1016
30 19 48 975 1077
16 36 3 981 918
20 37 65 985 1055
6 26 60 1112 1006
28 37 22 991 994
31 20 89 1018 970
18 15 10 1055 1038
21 14 21 929 1095
24 17 11 902 1012
11 40 13 918 721
33 25 21 1109 1124
19 40 70 1038 687
9 18 6 1087 972
12 13 53 957 991
15 12 51 1024 932
37 29 77 946 976
2 23 90 940 1046
27 23 23 959 1067
3 16 39 996 962
25 33 87 954 1086
6 3 17 956 1117
31 27 82 1068 936
18 8 16 1080 925
21 21 10 1022 1002
7 36 12 1003 962
33 32 87 1114 1107
19 31 61 1055 1105
9 25 49 1058 939
12 6 89 1058 927
15 19 43 1032 991
37 28 19 1083 1032
27 18 48 931 954
13 29 58 997 1026
3 7 50 1054 1096
25 40 94 973 691
6 12 23 1082 919
31 30 30 1020 997
21 20 1 922 963
24 39 84 939 984
7 27 22 1002 1079
33 23 11 1091 970
32 39 94 1119 934
36 36 76 1005 1014
19 26 18 901 929
9 32 8 1081 998
34 10 10 1004 986
15 22 81 920 922
37 3 20 1017 947
27 25 60 1068 1097
13 28 47 1121 918
3 2 67 1022 1124
28 12 47 1061 1039
31 5 73 923 963
21 27 54 1124 999
4 35 46 1064 971
7 30 69 949 1087
19 17 30 912 951
22 6 76 1097 1111
9 7 96 1080 1021
34 3 31 961 906
15 29 56 913 1113
37 10 21 1068 1104
13 19 59 942 1097
16 8 90 978 983
38 23 66 1023 1118
3 25 90 996 982
28 1 10 956 709
31 16 62 905 932
21 34 95 1107 1001
7 21 84 1111 1027
29 34 81 1103 1033
33 37 70 1061 1027
32 21 81 944 1057
19 12 75 1109 1029
22 15 84 1064 1020
9 14 21 959 927
34 28 86 994 919
10 19 69 955 921
13 10 57 951 1061
16 13 91 1037 1092
38 32 83 913 917
3 20 55 917 1017
28 26 61 936 1108
1 38 77 935 1067
4 17 73 996 1034
26 36 57 1111 1012
7 16 90 997 1031
32 30 51 984 1061
19 3 67 941 994
22 24 85 1061 1102
8 37 86 988 972
12 34 1 1106 1059
34 29 67 917 924
10 28 80 912 1041
13 1 53 921 635
16 22 57 1057 1123
38 25 37 983 1039
25 4 60 1044 1034
28 31 77 1066 906
14 32 60 1024 985
4 26 38 1120 1015
26 37 97 1059 1101
7 7 65 1037 1067
32 27 38 1098 1047
22 17 66 1092 968
8 30 33 988 1079
12 39 11 1055 975
34 22 90 931 917
37 39 38 1037 997
10 29 49 979 916
35 13 69 927 1084
16 19 80 900 997
38 2 73 997 1078
25 11 21 1050 1115
28 24 53 1051 1027
14 25 56 1092 981
4 31 6 976 1078
29 15 4 1069 957
32 4 82 919 1075
22 26 65 1070 1078
5 40 65 1031 739
9 35 8 969 1107
8 27 26 1078 928
17 35 39 913 1033
23 9 67 988 929
10 6 19 1033 998
35 8 63 1011 1061
16 28 56 940 916
38 11 24 911 911
25 18 80 1051 1108
14 18 58 1098 992
1 11 100 1112 963
4 8 72 1005 1069
29 6 44 1032 901
32 9 80 922 1100
22 35 59 1033 948
8 20 51 1035 985
30 35 10 1112 929
34 40 17 1112 720
17 26 42 1072 1008
23 4 34 920 1098
10 15 2 971 1045
35 31 5 908 1013
25 25 70 977 902
11 24 41 997 1085
14 11 40 943 1047
1 2 100 1114 1105
4 13 45 915 1009
29 29 11 937 969
2 39 19 1062 1095
5 22 19 935 1056
27 39 48 944 1014
8 9 97 1006 1014
17 17 75 1108 1100
23 27 49 1016 1025
13 37 59 951 970
35 26 19 968 949
25 32 23 1001 935
11 31 23 944 973
14 4 88 907 1037
1 25 31 935 1102
26 1 6 975 769
29 28 13 950 980
15 35 65 1017 1052
5 29 61 1049 907
27 34 7 964 908
8 2 13 925 901
17 24 75 943 1069
20 3 91 986 1116
23 30 1 910 1098
13 36 39 957 1004
35 17 56 984 945
38 38 1 935 1070
11 26 99 920 906
36 20 99 998 1026
1 32 20 1050 1050
26 10 89 985 1083
29 19 37 1102 914
15 38 68 997 908
5 28 60 987 1124
30 14 94 952 1055
17 15 54 918 1108
20 12 61 1102 1016
23 21 89 969 1067
6 37 16 1087 1042
10 34 99 1071 1079
18 34 23 953 975
24 16 46 954 945
11 1 57 1080 737
36 25 5 988 947
1 23 53 934 984
26 19 37 985 1082
2 10 93 995 1105
5 3 5 1073 977
30 7 64 1033 991
17 6 3 1107 967
20 17 91 1086 1016
35 35 84 909 947
18 27 43 923 903
24 5 76 943 1038
11 12 98 1048 959
36 2 7 1098 1012
26 28 75 996 1097
12 25 86 1061 966
2 3 71 1020 948
5 10 33 1056 1044
30 32 53 1080 948
20 26 22 1028 1058
3 36 78 1111 1078
23 39 9 1070 1063
6 23 10 984 1116
31 39 73 1062 951
18 20 6 1099 999
24 30 14 1076 1075
33 12 96 1032 1053
14 40 54 1044 729
36 7 43 916 941
26 29 89 931 1095
12 18 36 957 1045
2 28 79 910 1000
27 6 37 959 1036
30 25 10 981 1123
16 38 14 1017 1114
20 31 21 1063 1095
6 32 4 1124 983
18 21 62 937 1039
21 8 83 951 1089
24 27 95 990 1072
33 3 57 965 1017
14 33 98 1084 1094
36 16 33 1050 1113
12 23 5 1118 938
15 2 79 923 1031
37 23 12 914 1034
2 29 78 919 925
27 13 74 1012 900
30 18 38 1005 1071
16 35 80 1092 1044
20 40 13 1103 720
6 25 69 937 904
28 40 56 920 669
31 17 56 1120 1075
18 14 50 1097 910
21 15 28 1084 1062
24 20 78 1023 924
11 37 83 1059 1041
33 26 86 1097 1082
19 37 67 1121 1063
9 19 38 1044 952
12 16 67 1075 1055
15 9 58 1077 927
37 30 100 997 1030
2 22 91 935 927
27 24 52 936 929
3 13 72 1112 1047
25 34 20 1075 920
6 2 29 918 933
31 28 12 967 979
18 7 57 1080 1102
21 22 64 1078 1005
7 33 77 985 1011
33 17 69 997 933
19 32 95 942 950
9 26 51 1066 900
12 5 89 1072 1029
15 20 97 922 934
37 5 99 1125 984
27 31 61 1023 900
13 30 61 1025 1005
3 8 44 1027 909
6 11 49 1104 991
31 3 42 1011 1101
21 29 41 947 1045
24 34 22 913 1112
7 28 5 905 949
33 24 60 918 1053
32 34 27 1021 1101
36 35 16 919 986
19 23 8 983 941
9 1 29 960 741
34 9 53 940 1030
15 27 41 1037 1039
37 4 11 970 997
27 26 93 932 1013
13 21 63 904 1042
3 31 35 1077 992
28 11 58 1077 966
31 6 32 1003 966
21 28 29 975 1022
4 38 100 1098 939
7 19 86 1122 1046
19 18 49 976 952
22 5 19 989 917
9 8 47 941 1002
34 2 89 911 1029
15 30 30 933 975
37 11 11 906 1116
13 20 21 963 914
16 7 69 932 984
38 22 54 1008 986
3 26 47 961 955
28 4 54 1011 1116
31 13 60 955 963
21 35 30 917 1051
7 22 23 951 1088
29 35 26 1111 1068
33 38 54 993 1078
32 24 48 960 1114
19 9 15 1009 1008
22 14 90 1102 903
9 15 59 973 978
34 27 77 1115 1072
10 18 26 1069 968
13 11 22 996 933
16 16 21 1070 954
38 31 67 921 903
3 17 10 1117 975
28 25 63 917 1009
1 39 17 942 1086
4 20 78 945 1111
26 35 75 1088 1023
7 13 6 1072 932
32 29 34 980 1036
19 4 82 1113 945
22 23 69 931 988
8 40 1 916 753
12 33 1 910 1109
34 20 57 1026 986
10 27 1 993 935
13 2 3 1054 905
16 21 65 1095 1104
38 8 13 1015 1100
25 5 83 1043 1124
28 18 58 902 996
14 31 49 1004 1087
4 25 82 1062 1102
7 8 75 1000 907
32 6 11 1059 1115
22 32 94 962 1077
8 29 98 934 1070
34 21 14 1116 1125
37 40 17 1097 763
10 4 96 1083 1026
35 14 94 1032 1099
16 30 51 978 1025
38 1 6 911 722
25 12 77 1019 1037
28 23 92 979 1115
14 24 77 981 986
4 2 60 983 913
29 16 41 984 945
32 3 88 1025 1057
22 25 11 1053 1100
5 33 59 919 959
9 36 10 1091 904
8 22 79 1019 1079
17 36 56 919 1110
23 10 7 976 981
10 5 1 1045 903
35 5 65 1050 1082
16 27 70 942 1076
38 10 7 1037 1113
25 19 67 1121 974
14 17 79 916 1056
1 12 93 1057 1092
4 7 95 993 993
29 7 78 1125 968
32 12 34 1015 1062
22 34 10 1125 950
8 19 97 947 900
30 34 1 919 1009
34 39 97 973 1032
17 27 67 1069 1123
23 1 35 967 684
10 14 73 1023 919
35 32 97 1003 1022
25 26 77 1095 916
11 21 79 984 902
14 10 5 1118 1099
1 3 67 950 1018
4 16 52 1113 1113
29 30 9 1011 922
2 38 11 905 1076
5 23 44 922 1117
27 40 2 1100 775
8 12 5 1032 937
17 18 48 1117 1094
23 28 51 949 1045
13 38 97 966 1020
35 23 96 1099 976
11 32 94 950 947
14 3 55 922 1105
1 26 22 935 1048
26 8 10 1027 1085
29 21 64 1035 1109
15 36 56 1086 1013
5 30 22 1100 923
8 1 68 938 729
17 9 100 993 1074
20 6 3 1003 1040
23 19 63 1050 1061
35 18 40 955 1019
38 37 58 1059 1093
11 7 3 974 1011
36 19 24 1002 1047
1 17 81 941 934
26 9 55 1006 1113
29 20 50 1035 1040
5 5 77 1034 962
30 13 36 1039 983
17 16 100 935 1112
20 11 83 914 905
23 22 89 1047 1073
6 36 87 913 1099
10 33 66 984 975
18 33 6 1080 930
24 15 51 924 1082
11 2 91 1010 1076
36 28 57 1048 1075
1 24 68 1073 994
26 18 47 906 918
2 9 6 946 925
5 4 64 1084 919
30 6 29 1104 1051
17 7 67 952 1066
20 20 13 941 1016
35 36 97 911 1029
18 26 45 903 976
24 8 96 922 1037
11 9 71 927 965
36 1 68 1065 754
26 27 39 921 988
12 28 71 1068 1017
2 2 41 1087 954
5 11 63 952 1015
30 31 38 1029 957
20 25 40 1022 975
3 33 49 925 992
23 40 29 1057 752
6 22 65 1000 930
31 40 2 922 719
18 19 89 918 1048
24 29 35 1106 920
33 13 85 1088 980
14 39 99 915 997
36 10 2 1090 1024
12 17 20 1084 944
2 27 11 957 1094
27 3 12 931 980
30 24 8 989 1082
16 37 8 1068 1021
20 34 96 1112 988
6 31 81 1093 1065
28 34 98 1026 1018
18 12 86 926 1040
21 1 64 1078 653
24 22 13 978 1005
33 4 70 917 1016
36 15 77 994 953
12 10 73 1044 995
15 7 81 986 1041
37 24 41 1102 911
2 20 76 1125 1025
27 14 90 1057 1032
30 17 4 1010 1112
20 39 27 961 917
6 8 21 1058 1099
28 39 79 1099 1041
31 18 23 918 967
18 13 76 956 978
21 16 96 1001 931
24 19 88 1121 1061
11 38 78 978 915
33 27 58 967 909
19 38 92 1010 1111
9 20 37 1102 1014
12 15 20 1014 978
15 10 81 940 1095
37 31 78 1101 1032
2 21 5 931 1001
27 21 55 902 972
3 14 98 918 1071
25 35 47 995 1095
6 1 19 920 652
31 25 7 1047 1083
18 6 14 971 929
21 23 40 959 936
7 34 8 1038 1091
33 18 72 1057 1090
19 29 90 1082 1046
9 27 10 1110 1029
12 8 39 936 1077
15 17 19 954 954
37 6 79 1005 1078
27 32 14 971 1058
13 31 75 1006 1100
3 5 60 1010 1023
6 10 76 1016 945
31 4 33 1082 1075
21 30 42 1036 1109
24 33 6 932 1066
7 25 76 1016 966
32 33 32 977 972
36 38 70 1084 1005
19 24 69 1070 1010
9 2 26 945 985
34 16 24 997 1117
15 28 80 935 928
37 13 6 1015 1120
13 22 99 989 1114
3 32 93 1049 1004
28 14 76 920 1029
31 11 62 1075 1005
21 37 21 917 1103
4 37 30 1050 1023
7 20 37 1084 907
29 37 66 942 1117
19 15 10 1029 1124
22 4 46 919 936
9 9 1 1048 968
34 1 35 928 741
37 12 35 910 1091
13 13 83 908 1090
16 2 41 901 1124
38 21 30 951 1062
3 23 68 936 1125
28 3 94 1018 1003
31 14 27 963 1107
1 33 28 937 1116
21 36 8 1003 1092
7 11 14 1026 1006
29 36 100 937 1057
33 39 4 981 933
32 23 7 941 1109
19 10 98 925 909
22 13 49 1070 1008
9 16 76 1009 960
34 26 47 923 1048
10 17 91 929 925
13 12 50 1043 1065
16 15 18 915 969
38 30 59 1053 982
3 18 53 984 986
28 28 91 1102 934
1 40 2 902 1041
4 19 3 1060 935
26 34 14 1122 1033
7 14 21 998 1118
32 32 75 980 1055
19 1 38 986 751
22 22 43 1107 901
8 39 69 1063 928
12 36 53 1059 969
34 19 17 1004 967
10 26 11 1088 1121
13 3 23 989 917
16 24 11 954 1120
38 7 6 975 1120
25 6 44 1087 991
28 17 29 1080 1052
14 30 74 922 1039
4 28 12 915 997
7 5 65 986 976
32 5 22 1048 948
22 31 90 927 951
8 32 51 1003 918
37 33 52 1075 1075
10 3 85 1114 1112
35 11 60 1053 953
16 29 98 1047 1020
38 16 80 1084 1074
25 13 3 943 1071
14 23 78 994 1091
4 1 9 1052 728
29 9 57 938 1049
32 14 71 996 1125
22 40 46 1062 716
5 34 12 1083 1007
9 37 60 941 989
8 21 22 935 1095
30 40 41 1109 771
17 37 2 1118 1093
23 15 10 921 1090
10 12 85 1025 1081
35 6 4 1002 1087
38 9 54 1112 1117
25 20 46 1026 1096
14 16 25 1087 1091
1 13 97 947 1006
4 10 25 906 1058
29 8 73 1083 1084
32 11 77 949 1013
2 36 80 1065 905
22 33 24 1091 1090
8 14 25 1055 1123
30 33 16 1013 1010
34 38 17 902 1044
17 28 66 1006 963
23 2 57 1033 945
10 13 72 934 1076
35 29 53 980 1092
25 27 55 1066 1023
11 22 60 1073 1109
14 9 42 917 997
1 4 26 1013 1068
4 15 93 953 996
29 31 95 1041 997
2 37 18 1125 969
5 24 45 1047 903
27 37 99 1003 976
8 11 45 911 1094
17 19 23 996 1086
23 25 80 905 950
13 39 42 1044 912
35 24 95 966 930
11 29 5 973 1067
14 2 23 1075 932
1 27 47 937 1041
26 7 49 952 902
29 22 58 1102 964
15 33 43 1084 1063
5 31 61 992 1007
8 4 3 1101 1059
17 10 71 951 916
20 5 13 993 1016
23 20 16 913 1119
38 36 38 976 927
11 8 90 1088 1108
36 22 99 1058 1046
1 18 26 1040 1026
26 16 23 1019 979
5 6 30 1083 1115
30 12 7 964 1124
17 1 38 1013 746
20 14 2 1064 904
6 35 83 1065 1020
10 40 31 1088 768
18 40 30 1111 757
24 10 39 972 1106
11 15 39 1064 1091
36 27 20 1045 1044
26 17 65 902 1095
2 16 44 926 1087
5 13 60 1053 908
30 5 57 1047 1106
17 8 50 1032 1106
20 19 72 949 1017
3 39 64 922 978
35 33 73 1104 968
18 25 40 1001 925
24 7 9 1101 1002
11 10 42 930 979
36 4 10 953 1072
26 26 62 1021 1082
12 27 62 924 1031
2 1 6 966 653
5 12 48 952 1080
30 30 47 1116 1002
20 28 40 947 923
3 34 83 915 911
23 37 36 1036 1000
6 21 7 928 903
31 37 8 1037 993
18 18 59 906 996
24 32 20 928 1028
33 14 70 916 937
14 38 33 946 1020
36 9 91 1123 1062
12 20 71 1076 955
2 26 57 1025 1058
27 4 66 982 1045
30 23 53 1027 1073
16 40 61 1068 647
20 33 34 983 1011
6 30 36 1122 910
28 33 13 931 1031
18 11 72 1106 1063
21 2 12 1100 1111
24 21 4 965 1008
33 5 80 1084 1094
12 9 33 930 931
15 8 85 915 1115
37 17 85 979 1102
2 19 48 965 973
27 11 33 1006 1035
6 7 62 995 996
31 23 7 1100 1038
18 4 19 1019 1043
21 9 64 1087 1031
11 35 34 1069 920
33 28 13 933 956
19 35 67 1019 1051
9 21 15 1097 1091
12 2 57 1050 998
15 15 21 965 997
37 32 20 1019 1013
27 22 54 912 1124
3 11 67 913 909
25 36 39 916 1096
6 16 7 965 1092
31 26 77 985 966
18 5 64 933 1101
21 24 39 1075 972
7 39 43 1039 1107
33 19 29 953 1064
19 30 16 969 978
9 28 63 1090 1066
12 7 38 1094 958
15 18 59 923 1076
37 7 20 1031 982
27 29 42 1013 1112
13 32 52 943 988
3 6 26 970 929
6 9 68 1027 1074
31 1 57 1025 786
21 31 99 1002 1000
24 36 92 1094 932
7 26 18 1099 904
32 36 65 929 916
36 37 1 976 959
19 21 60 1002 1114
9 3 67 943 1028
34 15 23 921 932
15 25 18 1060 936
37 14 59 1038 942
13 23 59 1033 922
3 29 59 1081 985
28 13 27 1085 909
31 12 63 1072 971
21 38 16 926 941
4 40 79 931 712
7 17 42 908 907
29 38 38 978 1000
33 33 46 1040 1010
19 16 54 1016 996
22 3 23 992 1004
9 10 39 996 934
34 8 61 963 1047
13 14 26 985 1100
16 1 70 1093 660
38 20 60 987 958
3 24 26 903 1004
28 6 27 990 965
1 34 76 1117 1089
7 12 89 974 983
33 40 2 1028 724
32 18 84 917 1020
19 7 33 1051 900
22 12 30 937 1006
34 25 45 1098 996
10 24 25 999 994
13 5 75 1036 1028
16 10 21 1119 1048
38 29 71 921 907
28 27 6 1078 1051
4 22 84 1075 1117
26 33 81 1104 1101
7 3 36 1022 929
32 31 62 983 1063
19 2 48 1051 1060
22 21 69 1093 1062
8 34 32 1062 960
12 35 21 1077 1091
34 18 83 937 986
10 25 17 965 1007
13 4 42 1033 1012
16 23 49 1033 1011
38 6 22 923 915
25 7 96 1047 995
28 20 54 1005 925
14 29 100 946 974
4 27 10 1037 1106
7 6 46 1025 1107
32 8 22 978 1061
22 30 26 1007 1114
8 31 76 918 980
37 34 53 1085 1038
10 2 54 934 930
35 12 89 1061 983
16 32 86 941 978
38 15 100 959 1059
25 14 77 987 938
14 22 24 1044 1084
4 4 24 1041 1031
29 10 35 982 1036
32 13 97 965 1084
22 39 50 959 1035
5 35 20 1016 1108
9 38 6 955 965
8 24 89 1082 1041
30 39 50 944 1056
34 36 82 1109 1101
17 38 100 937 1056
23 16 40 1047 1066
10 11 14 936 1108
35 3 20 1023 1004
25 21 72 1062 1056
14 15 94 1004 1007
1 14 67 1055 927
4 9 4 966 954
29 1 34 908 684
2 35 13 1018 1017
8 13 21 1048 908
34 37 87 1077 1025
17 29 40 983 1009
23 7 91 1057 945
35 30 59 965 1086
25 28 60 1113 1019
11 19 9 918 1006
14 8 51 938 981
1 5 40 1008 1075
29 32 27 905 1065
5 17 28 1058 940
27 38 36 1076 1084
8 6 78 974 973
17 20 76 1097 985
23 26 65 1008 1067
13 40 9 1070 672
35 21 78 1077 1102
11 30 44 1089 1003
14 1 73 917 729
1 28 37 986 939
26 6 44 983 974
29 23 9 987 960
15 34 56 985 1084
5 32 63 1070 1114
8 3 12 983 1108
17 11 36 986 1017
20 8 35 972 915
23 17 70 1122 1092
38 35 36 988 1106
11 5 92 1056 986
36 21 67 971 1119
1 19 97 1075 1061
26 15 91 1113 1080
5 7 21 937 1087
30 11 7 1082 916
17 2 35 969 1059
20 13 53 939 1087
6 34 90 976 1018
10 39 31 1025 1105
35 39 59 930 1009
18 39 96 1059 931
24 9 59 913 949
11 16 69 1049 928
36 30 66 959 910
26 24 62 1003 1039
2 15 93 1068 1114
5 14 62 1004 1064
30 4 64 975 981
20 22 83 1085 998
3 40 100 1011 729
23 35 90 978 904
31 35 61 1079 924
35 34 22 906 1062
18 32 98 1023 1056
24 2 36 911 935
36 3 9 1015 1010
26 25 50 925 973
12 30 95 1090 985
2 8 68 919 1030
30 29 64 918 902
20 27 59 992 1015
23 38 60 982 1120
6 20 74 1110 1033
31 38 14 1038 978
18 17 5 1099 1123
24 31 54 1028 1105
33 15 55 978 1021
14 37 95 1108 1079
36 12 88 1122 913
12 19 79 919 909
2 25 15 976 942
27 1 3 1063 779
30 22 95 1079 907
16 39 42 1113 915
20 36 43 1076 912
6 29 15 900 1012
28 36 62 995 1124
18 10 47 1019 996
21 3 47 979 1087
24 24 65 962 967
33 6 43 925 934
12 12 92 925 965
15 5 22 911 1075
37 18 29 941 927
2 18 77 925 975
27 12 86 965 1100
6 6 86 901 1053
31 24 11 1043 1092
18 3 66 1013 1010
21 10 7 982 1056
11 36 92 1071 987
33 29 79 1031 1029
19 36 2 998 1027
9 22 6 997 920
12 1 93 973 702
15 16 50 1023 1122
37 25 35 900 999
27 19 73 932 989
3 12 59 1032 1077
25 37 47 995 979
6 15 44 902 1084
31 31 47 926 1026
21 17 77 976 1014
24 38 13 936 1123
7 40 81 1122 702
33 20 18 982 903
32 38 73 1115 1095
19 27 82 997 1121
9 29 26 1019 1005
15 23 64 949 946
37 8 91 1097 1084
27 30 79 1086 1025
13 25 57 951 1107
3 3 6 997 1059
31 2 69 1116 1103
21 32 7 1082 937
4 34 67 908 1040
24 35 53 1084 1114
7 31 45 913 989
32 35 71 1058 1104
36 40 79 961 687
19 22 59 1071 1075
9 4 95 996 1007
34 14 12 1039 1082
15 26 12 1024 1107
37 15 63 997 1124
13 24 4 998 1062
3 30 47 1021 1089
28 16 6 1075 970
31 9 99 990 1018
21 39 38 963 1032
4 39 56 927 1012
7 18 22 1014 1038
29 39 53 1098 1076
33 34 22 950 1090
19 13 56 1058 1081
22 2 2 994 938
9 11 4 1078 998
34 7 9 936 929
13 15 86 1088 1121
16 4 10 1032 1102
38 19 74 1117 1077
3 21 99 1065 1059
28 5 86 984 1017
1 35 41 939 908
7 9 10 912 1021
32 17 48 1110 1023
19 8 92 1010 1120
22 11 88 1086 926
34 32 73 1096 919
10 23 9 1050 1086
13 6 5 1017 1074
16 9 15 1006 1071
38 28 45 1089 903
25 1 33 940 657
28 30 89 1011 942
4 21 68 992 942
26 40 7 911 727
7 4 19 1030 924
32 26 92 1114 911
22 20 23 993 909
8 33 9 1087 1095
12 38 32 974 1027
34 17 90 961 1078
10 32 94 961 903
16 18 60 936 977
38 5 52 920 1116
25 8 59 1099 1044
28 19 95 1105 998
14 28 9 1016 1082
4 30 96 902 914
4
9 9
1129 9
1129 1179
9 1179
