10
1 9468 2 9370 3 9339 4 8322 5 8068 6 9497 7 8595 8 7321 9 8167 10 1812 
1 6030 2 8612 3 8015 4 8851 5 8179 6 7725 7 8775 8 9077 9 2562 10 7406 
83
8 4 6 1138 1236
5 8 82 1278 1229
2 4 16 1231 1032
5 9 42 1222 249
4 1 52 1068 729
3 9 25 1174 226
10 9 29 1095 274
9 1 36 1268 721
8 9 80 1108 236
6 5 11 1206 1267
1 8 82 1141 1209
6 7 1 1112 1058
3 7 35 1050 1147
2 7 51 1169 1238
6 2 96 1223 1040
4 8 40 1239 1040
1 4 71 1234 1172
9 6 27 1205 1229
3 6 6 1271 1112
6 9 82 1138 277
5 1 90 1044 823
2 3 75 1209 1120
8 5 66 1230 1200
10 1 59 1075 840
7 5 14 1265 1093
4 4 94 1133 1234
1 7 29 1155 1203
9 2 59 1115 1024
8 7 91 1192 1031
5 5 87 1090 1089
7 4 51 1056 1074
2 6 71 1268 1240
9 9 93 1089 255
8 3 81 1101 1028
4 7 98 1143 1253
3 3 18 1176 1197
8 8 91 1097 1029
6 8 31 1102 1151
6 4 35 1172 1262
5 2 6 1134 1028
2 2 86 1117 1094
3 8 41 1160 1089
4 3 40 1098 1237
1 1 50 1119 1069
7 7 44 1185 1137
6 1 67 1244 774
8 2 41 1060 1119
5 6 33 1230 1207
1 5 53 1273 1087
6 6 10 1158 1067
2 5 18 1031 1117
7 1 53 1182 760
8 6 22 1142 1104
3 4 34 1175 1118
3 2 40 1224 1163
9 8 58 1276 1230
7 9 37 1250 240
5 3 38 1278 1228
2 1 29 1220 707
1 9 23 1072 1163
7 6 91 1137 1204
4 6 31 1200 1090
1 2 17 1100 1053
9 4 27 1156 1222
8 1 85 1063 792
5 7 83 1162 1083
7 8 24 1251 1207
6 3 36 1261 1073
7 2 11 1175 1213
4 2 28 1247 1137
9 3 21 1224 1126
3 5 10 1179 1138
4 9 78 1226 242
3 1 3 1219 809
2 9 94 1172 275
7 3 2 1269 1155
5 4 7 1065 1219
2 8 86 1078 1152
9 7 23 1080 1202
1 6 20 1273 1063
4 5 7 1083 1094
1 3 95 1233 1156
9 5 6 1127 1123
4
11 11
291 11
291 281
11 281
