40
1 3727 2 4723 3 1444 4 3619 5 2445 6 1444 7 8093 8 6043 9 1444 10 3468 11 5372 12 1444 13 5604 14 4659 15 6024 16 5540 17 6476 18 3547 19 4302 20 9669 21 3434 22 6457 23 6374 24 16343 25 15368 26 4864 27 10127 28 9487 29 7740 30 6778 31 1444 32 1444 33 1626 34 16202 35 14931 36 2180 37 16488 38 10980 39 5649 40 11516 
1 1858 2 14013 3 5548 4 5278 5 13479 6 17002 7 8081 8 8849 9 2738 10 9847 11 11395 12 1444 13 5663 14 4478 15 3750 16 1509 17 1444 18 2854 19 1444 20 6017 21 4204 22 3354 23 1444 24 2811 25 3938 26 1444 27 2784 28 1461 29 1444 30 1444 31 16408 32 15089 33 2333 34 5763 35 10126 36 12075 37 13481 38 11350 39 10488 40 15875 
420
32 7 22 1455 1033
17 10 33 1785 1591
22 29 35 1482 1504
20 5 49 1802 1791
23 20 76 1587 1802
19 20 20 1640 1460
24 27 73 1700 1786
22 7 72 1456 933
9 6 36 1681 1642
10 1 56 1661 1365
11 8 18 1607 1479
25 15 37 1703 244
26 16 70 1482 1701
16 5 63 1750 1527
27 13 20 1609 422
4 3 52 1692 1194
5 6 42 1508 1760
17 1 20 1461 1473
21 15 79 1722 236
19 11 77 1791 1696
24 20 28 1800 1549
22 16 32 1631 1709
24 10 61 1610 1487
25 22 45 1703 1451
15 9 31 1559 855
13 9 96 1660 743
26 17 66 1659 1786
27 24 21 857 1126
28 7 36 405 906
5 13 82 1636 1463
3 13 61 1545 1691
6 2 81 1605 1804
30 5 87 1456 1570
17 8 41 1568 1620
7 15 53 1645 247
31 28 38 1596 838
21 22 50 1673 1509
22 9 32 1770 744
24 7 97 1752 953
12 5 72 1757 1048
25 29 93 1583 1545
13 8 41 1468 1764
26 26 90 1793 1661
16 11 93 1723 1546
14 7 7 1645 1581
2 1 77 1754 1448
5 12 3 1660 1647
29 25 83 1511 1488
6 11 3 987 565
7 2 22 1728 1451
8 5 11 1486 1128
22 18 37 1648 1692
20 2 83 1800 1685
9 1 87 1522 1592
27 26 93 898 994
25 10 34 1464 1669
26 5 59 1621 1056
29 24 70 1799 1726
30 23 43 1661 1517
17 12 22 1656 1626
22 27 55 1535 1776
20 7 94 1534 1747
18 11 93 1668 1685
23 18 98 1634 1765
21 2 40 1451 1549
24 21 83 1559 1803
22 5 76 1731 1090
9 8 16 1478 1770
10 7 61 1749 1707
11 6 50 1575 1648
12 9 15 1662 807
25 17 11 1754 93
15 8 15 1468 1633
16 7 53 1486 1562
1 10 52 1451 1516
4 5 10 1662 1196
5 8 40 1467 1705
6 7 15 988 922
17 3 64 1594 1708
20 16 55 1459 1535
21 9 26 1723 811
19 9 35 1745 692
22 14 56 1591 1572
23 3 83 1722 1686
24 12 51 1507 1447
12 2 45 1469 1560
25 24 93 1498 1464
26 23 8 1627 1664
27 22 51 1587 1432
1 1 41 1348 1461
4 14 16 1754 1589
28 25 93 1531 1616
5 15 54 1744 237
3 11 81 1771 596
30 3 97 1553 1784
7 13 99 1707 387
20 21 54 1666 1528
23 6 53 1624 1530
24 1 67 314 1332
33 9 78 1564 762
12 7 7 1531 1650
13 2 69 1745 1752
14 5 39 1798 1180
25 5 19 1679 1222
28 18 34 1653 1669
3 6 10 1649 1651
27 7 64 1496 1720
6 9 89 969 702
30 28 61 1677 1779
8 7 75 1487 999
23 29 96 1787 1706
21 5 66 1765 1004
19 21 21 1552 1538
24 26 40 1515 1684
9 3 78 1609 1140
25 12 49 1538 1507
28 23 39 1773 1509
26 11 47 1454 1604
29 18 22 1703 1566
4 2 12 1643 1752
29 16 13 1602 1642
30 15 92 1530 267
20 9 40 1598 737
18 9 97 1266 716
23 24 95 1513 1504
24 23 66 1447 1472
22 3 37 1606 1311
33 7 43 1633 1038
10 5 35 1665 1175
24 13 60 1624 1605
15 6 10 1661 1509
26 20 64 1790 1768
16 1 49 1495 1592
27 9 3 971 810
4 7 12 1554 921
28 6 81 1595 1797
2 11 7 1626 658
5 2 87 1640 1610
29 7 73 1716 1023
6 5 63 1528 1661
30 8 13 1580 1522
17 5 100 1466 1528
18 2 4 1498 1537
21 11 47 1659 1535
22 12 76 1650 1527
23 1 35 1550 1804
24 6 78 1453 1459
25 26 32 1598 1617
15 13 63 1540 1520
13 5 80 1752 1109
16 10 48 1691 1576
27 20 87 1594 1526
1 3 51 1674 1272
5 9 54 1476 1604
3 9 52 1740 688
6 14 50 1653 1772
30 1 87 1459 1518
7 3 47 549 1223
19 2 10 1642 1517
22 21 79 1626 1533
23 28 5 1752 1634
24 3 93 1753 1637
26 30 7 1646 699
14 3 100 1454 1411
25 7 20 1765 991
28 20 76 1551 1646
26 8 28 1605 1641
27 5 51 1624 1232
30 26 89 1593 1650
7 6 69 1584 1749
31 7 91 1599 978
8 1 24 1578 1590
32 8 55 1466 1562
17 9 28 1592 1798
22 30 1 1463 1669
20 6 94 1724 1615
23 19 16 1765 1539
21 7 6 1625 1040
24 28 90 1471 1759
9 5 89 1729 1173
10 2 61 1649 1573
11 7 49 1597 1776
26 9 96 1505 1492
16 6 39 1758 1601
29 20 45 1578 1426
27 16 80 1567 1668
28 15 78 1765 258
5 5 90 1494 1727
20 11 13 1547 1596
23 22 7 1786 1573
24 17 84 380 90
22 1 59 1621 1329
23 16 45 1685 1543
24 15 61 1685 275
11 2 83 1676 1606
15 12 39 1738 1533
26 18 2 1493 1784
16 3 26 1568 1588
4 9 58 1723 793
28 8 100 1757 1510
2 9 27 1729 830
5 4 76 1780 1506
6 3 51 1713 1751
17 7 58 1485 1598
7 10 16 1738 1496
20 20 13 1495 1401
8 13 63 1551 425
21 21 49 1482 1727
23 7 29 1750 1013
11 9 3 1782 741
12 6 17 1562 1762
25 28 55 1639 1678
13 7 7 1753 1735
26 27 90 1611 1571
16 12 82 1792 1761
14 8 54 1695 1751
27 18 36 1718 1454
2 2 70 1446 1762
5 11 98 1616 1734
3 7 85 1561 1465
7 1 3 1742 1354
8 6 86 1761 1581
21 20 17 1525 1691
22 19 80 1474 1778
23 26 45 1595 1643
24 29 24 1538 1560
14 1 52 1773 1571
27 25 37 1588 1565
25 9 60 1474 748
28 22 4 1757 1645
26 6 47 1495 1663
29 23 61 1548 1714
3 2 88 1792 1679
30 24 2 1612 1540
31 5 14 1493 1108
8 3 13 1660 1425
17 11 25 1670 1754
22 28 37 1556 1636
18 12 95 1745 1521
23 17 41 1488 1592
21 1 85 1771 1421
24 22 84 371 1489
22 6 63 1693 1733
9 7 78 1649 1583
23 11 11 1600 591
10 8 78 1712 1686
11 5 55 1460 1003
25 16 83 1509 1482
15 7 40 1741 1758
26 15 94 1789 236
16 8 71 1608 1644
1 9 19 1580 1726
4 6 11 1634 1637
28 1 20 1653 1301
5 7 69 1523 1628
17 2 77 1524 1634
20 13 60 1566 401
18 13 36 1740 426
21 16 67 1755 1717
19 12 45 1740 1514
24 19 95 1464 1786
22 15 97 1504 1502
10 9 40 1554 830
24 9 83 1558 1637
25 23 38 1740 1703
26 24 98 1492 1616
16 13 1 1726 457
4 11 73 1700 613
28 26 60 1805 1110
5 14 56 1571 1488
3 14 83 1756 1656
6 1 52 1630 1501
30 4 1 1449 1671
20 22 34 1691 1404
8 15 11 1572 270
19 3 17 1469 1206
23 5 95 1629 1761
24 2 6 1737 1684
12 8 54 1796 1655
25 30 18 1641 663
13 1 43 1722 1362
26 25 53 1492 1687
14 6 73 1596 1631
29 26 94 1783 1023
3 5 94 1763 1692
6 10 75 1641 1551
7 7 21 1775 951
22 17 86 1544 1779
20 1 44 1667 1325
9 2 66 1563 1459
25 11 23 1753 1479
28 24 56 1471 1631
26 12 14 1710 1577
29 17 67 1564 1459
27 1 34 1666 1527
30 22 85 1562 1272
29 15 84 1499 273
17 13 24 1755 475
22 26 52 1564 1540
20 10 42 1635 1731
18 10 23 1766 1708
23 23 95 1660 1603
21 3 11 1595 1275
24 24 94 1554 1733
9 9 63 1513 696
10 6 29 1458 1739
11 3 14 1704 1416
15 5 49 1786 1198
26 13 34 1486 427
16 2 6 1624 1608
1 11 8 1552 1621
5 1 27 1567 1326
32 9 70 1479 709
6 6 48 1750 1526
30 9 6 1537 747
17 4 61 1625 1560
7 11 91 1695 556
20 15 2 1631 1743
18 3 94 1371 1255
21 10 7 1634 1772
19 10 91 1700 1453
22 13 90 1746 1742
23 4 16 1631 1499
24 11 64 1689 1571
12 1 94 1541 1590
25 25 6 1604 1626
26 22 13 1451 1351
27 19 77 1796 1625
1 2 26 1473 1679
4 13 34 1718 423
6 15 12 1471 276
30 2 10 1654 1678
7 14 65 1553 1707
21 17 3 1740 78
19 1 86 1476 1346
22 22 78 1492 1311
23 27 22 1748 1451
24 4 77 1447 1643
13 3 25 1605 1256
27 30 42 1594 623
25 6 43 1512 1510
28 17 99 1704 1750
26 1 15 1793 1502
3 3 86 1668 1369
27 8 12 1513 1545
30 27 41 1628 1482
7 5 97 550 1120
8 2 45 1540 1474
20 3 62 1567 1195
23 30 4 1682 621
21 6 44 1471 1699
19 22 9 1769 1703
24 25 30 1767 1632
10 3 10 1705 1415
25 13 89 1510 407
26 10 54 1542 1497
29 19 85 1709 1526
27 15 15 1563 268
30 20 43 1653 1412
4 1 26 1613 1312
28 16 59 1604 1542
31 9 33 1595 741
29 9 69 1614 787
20 12 78 1787 1678
23 21 8 1606 1722
21 13 44 1718 407
19 13 2 1742 419
24 18 29 1642 1739
22 2 50 1553 1538
33 8 19 1700 1726
23 15 91 930 254
24 16 50 1591 1571
11 1 11 1666 1614
15 11 97 1730 1629
26 19 91 1613 1668
16 4 71 1579 1759
4 10 27 1491 1794
28 5 16 1608 1135
2 10 99 1463 1618
5 3 43 1766 1614
29 8 29 1610 1805
3 15 99 1472 1781
6 4 3 1718 1733
30 7 62 1483 883
17 6 77 1600 1492
7 9 10 1577 721
31 22 9 1702 1329
20 17 13 1450 1446
18 1 10 1160 1382
8 14 74 1752 1557
21 12 71 1579 1769
22 11 51 1459 657
23 2 10 1659 1661
24 5 92 355 1164
12 3 90 1734 1365
25 27 89 1805 1605
13 6 45 1752 1630
26 28 83 1482 1565
16 9 99 1777 1692
14 9 45 1616 848
27 17 47 1456 1644
25 1 21 1581 1496
4 15 15 1711 239
2 3 58 1500 1395
5 10 98 1640 1476
3 10 53 1651 1481
6 13 61 967 444
7 4 80 1560 1701
22 20 95 1666 1680
23 25 25 1488 1495
24 30 56 1631 644
26 29 94 1444 1675
28 19 46 1490 1737
26 7 49 1556 1676
29 22 14 1652 1437
3 1 12 1603 1523
27 6 21 1623 1797
30 25 38 1591 1746
28 9 33 1760 814
31 8 81 1734 1704
111
4 4
504 4
504 84
254 84
254 164
454 164
604 164
604 -76
404 -76
404 -156
754 -156
754 -76
654 -76
654 4
854 4
854 -236
654 -236
654 -316
1154 -316
1154 164
1104 164
1104 -156
1004 -156
1004 -76
1054 -76
1054 4
1004 4
904 4
904 164
1054 164
1054 244
1254 244
1254 324
1004 324
1004 484
904 484
904 324
954 324
954 244
754 244
754 164
854 164
854 84
654 84
654 324
804 324
804 404
854 404
854 484
854 564
1104 564
1104 724
954 724
954 644
904 644
904 804
1004 804
1004 884
1054 884
1054 804
1154 804
1154 1044
1104 1044
1104 964
1004 964
1004 1124
804 1124
804 964
854 964
854 804
704 804
704 724
804 724
804 644
754 644
754 564
804 564
804 484
554 484
554 404
604 404
604 324
304 324
304 244
204 244
204 324
254 324
254 404
204 404
204 484
304 484
304 564
104 564
104 484
154 484
154 404
4 404
4 324
154 324
154 244
104 244
104 164
154 164
154 84
-246 84
-246 -76
-146 -76
-146 4
-96 4
-96 -76
4 -76
