10
1 6053 2 5616 3 3647 4 5086 5 10210 6 7624 7 7419 8 2693 9 3226 10 7498 
1 6629 2 7907 3 7491 4 6407 5 5675 6 3662 7 3444 8 3370 9 5440 10 8344 
42
5 8 95 1593 1301
2 4 51 1360 1407
7 7 90 1440 1515
4 1 36 1589 1410
6 5 25 1370 1442
3 2 62 1379 889
7 3 29 1310 743
6 2 91 1417 1303
1 4 11 1322 1466
8 3 16 1618 833
5 1 76 1536 1506
2 3 16 1538 1372
7 8 28 1393 1396
4 4 9 1549 1441
5 5 65 1584 1387
6 7 66 332 892
6 1 25 1051 1043
3 3 21 1414 864
6 8 76 1539 1298
5 2 96 1408 1576
2 2 81 1497 1377
7 5 39 1359 1360
4 3 33 1542 1367
1 1 19 1297 1063
8 2 84 1380 169
5 6 72 1374 1579
1 5 45 1318 1412
6 6 59 1438 1541
2 5 80 1371 1348
7 1 90 1584 1572
5 3 69 1496 876
2 1 16 1343 1423
7 6 41 1530 1397
6 4 33 1420 1297
1 2 25 1482 1613
5 7 89 1300 1579
7 2 6 1329 1430
4 2 59 1550 1531
3 1 64 1552 1219
5 4 80 1514 1587
6 3 36 1435 1496
1 3 93 1497 1476
111
8 8
108 8
108 28
58 28
58 48
98 48
128 48
128 -12
88 -12
88 -32
158 -32
158 -12
138 -12
138 8
178 8
178 -52
138 -52
138 -72
238 -72
238 48
228 48
228 -32
208 -32
208 -12
218 -12
218 8
208 8
188 8
188 48
218 48
218 68
258 68
258 88
208 88
208 128
188 128
188 88
198 88
198 68
158 68
158 48
178 48
178 28
138 28
138 88
168 88
168 108
178 108
178 128
178 148
228 148
228 188
198 188
198 168
188 168
188 208
208 208
208 228
218 228
218 208
238 208
238 268
228 268
228 248
208 248
208 288
168 288
168 248
178 248
178 208
148 208
148 188
168 188
168 168
158 168
158 148
168 148
168 128
118 128
118 108
128 108
128 88
68 88
68 68
48 68
48 88
58 88
58 108
48 108
48 128
68 128
68 148
28 148
28 128
38 128
38 108
8 108
8 88
38 88
38 68
28 68
28 48
38 48
38 28
-42 28
-42 -12
-22 -12
-22 8
-12 8
-12 -12
8 -12
