40
1 1024 2 2116 3 2993 4 1984 5 1778 6 1045 7 2114 8 3260 9 4141 10 3820 11 2901 12 2733 13 3470 14 4246 15 4432 16 1055 17 3231 18 2585 19 1024 20 1119 21 2460 22 1456 23 3467 24 3045 25 2552 26 3588 27 2171 28 5588 29 1024 30 1024 31 1243 32 11616 33 6318 34 5123 35 9346 36 11270 37 3908 38 5644 39 9591 40 8398 
1 5161 2 4443 3 9678 4 12223 5 8410 6 6382 7 4007 8 5920 9 1024 10 1024 11 1024 12 1024 13 2015 14 1024 15 1991 16 1024 17 4028 18 9820 19 7578 20 7186 21 8612 22 11413 23 6564 24 4835 25 8694 26 8022 27 11654 28 8384 29 6160 30 7831 31 1408 32 6922 33 6936 34 11450 35 2280 36 5690 37 4371 38 7124 39 8193 40 4983 
264
8 4 43 1254 1253
13 2 52 1126 1076
17 7 74 1230 1210
15 5 81 1183 1186
14 5 51 1197 1120
20 5 14 1175 1135
19 5 35 1105 1255
1 8 63 1229 394
16 2 16 1181 1126
21 8 99 1144 408
27 15 25 1096 1188
2 7 82 1156 1265
26 2 73 1156 1161
23 7 21 1041 1174
22 7 65 1251 1126
4 8 77 1256 474
3 6 77 1163 270
27 7 74 1138 1045
9 6 93 1040 1270
24 8 39 1207 414
5 1 79 1232 900
29 6 83 1174 1173
10 1 53 1267 1050
17 4 24 1188 1055
7 8 47 1090 413
6 6 97 1138 262
30 9 6 1234 1251
12 6 33 1029 1257
11 8 30 1119 422
8 7 26 1219 1041
18 8 41 1182 469
13 7 26 1230 1171
18 3 27 1141 1162
25 15 40 1258 1082
15 2 47 1253 1121
14 8 12 1252 408
20 4 12 1043 1179
26 16 80 1198 1074
16 5 79 1072 1139
21 5 7 1107 1154
2 2 54 1250 1229
23 4 68 1199 1229
4 3 96 1117 1069
3 7 37 1077 1097
9 3 78 1229 1232
5 6 60 1163 281
29 11 48 1163 1174
10 4 45 1151 1102
7 1 59 1089 1128
30 12 54 1274 1050
12 1 45 1028 1230
8 6 17 1228 1121
26 13 75 1088 1230
17 6 22 1094 1071
25 12 28 1161 769
15 3 88 1102 1156
1 2 29 1042 1244
27 2 37 1053 1183
4 2 4 1032 1064
28 13 20 1057 1096
30 2 3 1249 1155
29 16 31 1147 1015
30 15 59 1191 1087
27 12 62 1245 793
14 1 28 1280 1175
19 1 82 1107 1225
21 4 44 1080 1216
26 6 9 1167 1262
3 2 52 1063 1074
27 3 91 1229 1076
24 4 90 1118 149
26 12 63 1124 665
29 2 100 1200 1237
28 12 5 1130 1037
10 5 62 1266 1234
24 13 49 1207 1229
30 5 56 1044 1135
29 13 14 1237 1190
11 4 89 1137 1136
28 3 38 1060 1086
8 3 8 1107 1223
13 3 41 1222 1092
18 7 2 1216 1087
15 6 28 1193 1121
14 4 69 1253 1245
20 8 37 1172 413
19 6 70 1111 1211
17 5 99 1277 1183
16 1 5 1154 1140
25 4 86 1088 128
21 1 77 1061 1212
2 6 82 1053 266
26 1 78 1203 1052
23 8 17 1033 394
22 6 24 1123 294
4 7 58 1152 1244
3 3 46 1203 1096
27 8 35 1190 457
9 7 58 1073 1115
24 7 9 1121 1269
29 7 56 1139 1249
10 8 13 1155 385
7 5 43 1237 1126
30 8 90 1280 1034
12 5 29 1031 1257
11 5 89 1207 1084
8 2 79 1040 1125
13 8 21 1166 474
18 2 53 1133 1151
25 16 26 1250 974
15 7 7 1152 1027
14 7 39 1272 1086
20 3 23 1116 1091
19 7 79 1163 1171
1 6 87 1093 268
16 8 91 1119 416
21 6 3 270 309
2 1 96 1173 1259
26 4 58 1080 1072
23 1 86 1027 1047
4 6 22 1238 288
3 8 73 1094 467
9 4 86 1138 1131
24 6 79 1149 286
31 16 17 1243 1066
5 7 59 1197 1068
29 12 54 1027 1208
10 3 31 1058 1025
7 2 18 1033 1085
6 8 54 1147 417
30 11 88 1079 1061
12 4 66 1104 1079
28 7 44 1139 1085
8 5 99 1028 1037
13 5 23 1229 1092
25 13 28 1270 1213
15 4 4 1161 1064
26 15 24 1112 1153
20 2 71 1178 1051
1 3 13 1190 1173
25 3 41 1263 1175
2 4 30 1069 144
4 1 81 140 1062
27 4 79 1114 1116
9 1 54 1207 1108
30 1 95 1252 1094
29 9 64 1042 1117
7 3 87 1111 1157
30 14 35 1079 1205
27 14 89 1254 1228
19 2 39 1150 1250
28 2 18 1028 1266
30 16 35 1139 1074
26 5 63 1275 1085
25 1 46 536 1026
24 3 64 1071 1088
29 3 32 1184 1063
28 11 11 1242 1253
24 16 70 1239 1057
30 4 56 1028 1271
29 14 18 1095 1120
11 1 94 1074 1154
28 1 92 1248 1251
13 4 71 1123 1038
18 6 75 1191 1233
14 3 23 1150 1111
20 7 18 1143 1267
19 3 92 1175 1117
16 4 2 1262 1268
21 2 64 1118 1075
28 6 23 1024 1108
17 3 14 1258 1191
25 2 46 1222 1097
3 4 19 1209 154
27 5 76 1210 1173
9 8 72 1262 417
24 2 3 1260 1106
29 8 100 1208 1046
28 10 89 1026 1217
10 7 96 1213 1051
7 6 24 1234 1264
30 7 73 1196 1057
12 8 36 1098 418
11 6 16 1100 1119
8 1 84 1253 1273
25 8 63 1059 441
13 1 78 1024 1173
18 1 62 1077 1108
15 8 6 1212 409
14 6 97 1149 1213
20 6 41 1245 1265
19 8 65 1112 414
1 7 86 1194 1064
16 7 35 1071 1049
21 7 100 1030 1270
2 8 97 1172 452
26 3 1 1242 1181
23 2 8 1222 1244
22 8 56 1202 454
28 4 43 1029 1256
9 5 78 1179 1193
5 8 61 1118 416
29 5 65 1152 1268
10 2 35 1067 1048
7 7 69 1094 1040
6 7 11 1112 1038
30 10 32 1222 1249
12 3 47 1200 1193
11 7 15 1207 1241
8 8 81 1089 467
13 6 99 1202 1081
18 4 41 1050 1126
25 14 73 1200 1182
15 1 12 1211 1084
20 1 4 1050 1112
1 4 44 1083 151
16 6 21 1069 1222
2 3 38 1184 1268
17 2 96 1212 1157
23 3 10 1074 1125
4 4 57 1240 151
28 15 45 1103 1127
28 8 62 1218 1174
9 2 99 1083 1236
24 12 82 1033 1064
29 10 44 1217 1024
27 13 68 1245 1199
7 4 29 1137 1094
30 13 63 1026 1209
12 2 81 1236 1037
17 8 50 1239 425
25 7 57 1090 1275
26 14 20 1084 1062
27 16 2 1248 1057
1 1 91 1049 1060
27 1 26 1238 1039
29 4 70 1083 1235
28 14 73 1209 1123
24 15 28 1159 1025
30 3 42 1026 1082
29 15 94 1186 1075
11 2 45 1093 1057
28 5 39 1182 1116
26 8 15 1115 427
18 5 90 1178 1088
14 2 98 1252 1096
25 6 78 1166 260
19 4 75 1036 1069
28 16 31 1197 1096
16 3 25 1174 1218
21 3 77 1122 1033
26 7 7 1159 1051
23 6 89 1118 299
3 1 98 1087 1158
27 6 78 1080 1107
17 1 43 1162 1240
24 1 39 1090 1177
29 1 26 1103 1094
28 9 75 1057 1193
10 6 60 1158 1159
24 14 59 1128 1279
30 6 54 1200 1085
12 7 96 1080 1227
11 3 63 1204 1256
42
4 4
-26 4
-26 -116
4 -116
4 -236
124 -236
124 -116
154 -116
154 4
124 4
124 124
4 124
4 184
214 184
214 -536
334 -536
334 -656
544 -656
544 -536
664 -536
664 184
814 184
814 124
724 124
724 -116
784 -116
784 4
874 4
874 -236
784 -236
784 -416
1084 -416
1084 -236
964 -236
964 484
754 484
754 364
874 364
874 244
-26 244
-26 64
4 64
