40
1 2167 2 1024 3 2435 4 1728 5 5120 6 6767 7 7896 8 1428 9 1794 10 3053 11 1386 12 2491 13 12795 14 5398 15 14065 16 13059 17 8670 18 19992 19 1024 20 3289 21 5113 22 12819 23 2325 24 1024 25 4169 26 13835 27 10708 28 1024 29 14135 30 3933 31 11023 32 5058 33 3921 34 1730 35 2794 36 13549 37 1383 38 9314 39 9791 40 1770 
1 11490 2 5876 3 13220 4 12350 5 14832 6 1024 7 20174 8 13344 9 3997 10 1024 11 17021 12 9302 13 13015 14 1024 15 2186 16 1362 17 1782 18 2174 19 3477 20 1024 21 2944 22 1024 23 2801 24 2593 25 2599 26 5467 27 2935 28 1024 29 5894 30 2184 31 4118 32 7128 33 14459 34 11862 35 9135 36 16132 37 15317 38 10433 39 19808 40 14987 
975
8 4 67 1223 1113
32 7 89 1172 1239
21 26 49 1152 1055
17 10 45 1219 1229
22 29 98 1245 1186
20 5 45 1215 1067
18 21 61 1104 1069
23 20 5 1067 1108
21 8 9 1153 1276
19 20 34 1086 1037
22 7 78 1254 1215
37 35 81 1233 1114
9 6 73 1093 1250
33 3 1 1175 1217
14 33 9 1222 1192
38 36 39 1212 1258
10 1 32 1141 1019
34 4 28 1053 1134
15 32 38 1267 1096
37 9 17 1103 1113
11 8 3 1047 1196
35 9 74 1089 1105
16 31 66 1186 1076
38 14 50 1250 79
15 2 50 1211 1102
39 3 67 1257 1083
16 5 72 1204 1145
40 12 91 1249 1267
27 13 35 1259 1205
4 3 32 1132 1183
28 2 52 1031 1277
31 36 44 1223 1258
16 35 3 1085 1210
37 11 98 1030 1242
5 6 88 1219 1176
29 11 21 1258 1185
21 33 72 1106 1148
17 1 91 1113 919
22 38 31 1177 1097
20 14 85 1140 1080
18 14 35 1033 1070
33 36 8 1259 1229
21 15 16 1167 1044
19 11 22 1033 1243
34 35 14 1217 1082
22 16 89 1165 1099
9 13 39 1202 1062
23 13 2 1229 1195
38 12 29 1261 1078
10 10 16 1181 1236
34 5 44 1217 1256
24 10 55 1097 1143
39 36 26 1210 1273
35 4 51 1274 1088
15 9 89 1103 1274
39 6 42 1280 1124
13 9 27 1254 1188
37 30 61 1106 1164
16 14 84 1118 74
40 1 36 1068 882
14 14 22 1133 77
39 32 88 1149 1263
4 12 92 1172 1109
28 7 6 1162 1076
40 31 18 1054 1085
5 13 72 1243 1062
29 2 10 1161 1114
3 13 59 1057 1261
25 34 18 1248 1172
6 2 66 1046 1066
30 5 95 1142 1146
17 8 49 1111 1024
31 28 27 1050 363
29 9 71 1141 1068
20 19 66 1143 1243
18 7 99 1239 1213
30 33 89 1038 1174
21 22 75 1267 1067
19 6 3 1256 1069
17 30 20 1243 1093
22 9 44 1024 1125
35 33 65 1047 1230
18 25 62 1244 1259
23 8 24 1258 1271
19 32 8 1181 1267
34 30 32 1171 1027
24 7 50 1133 1265
11 10 92 1038 1249
40 36 50 1067 1183
12 5 62 1038 1227
36 4 27 1171 1192
25 29 29 1168 1099
13 8 97 1056 1256
37 5 58 1269 1231
16 11 43 1259 1183
14 7 24 1106 1160
12 27 15 1180 1271
27 31 78 1209 1045
1 6 44 1226 1234
25 3 72 1177 1083
13 30 76 1273 1138
28 32 91 1090 1249
2 1 42 1115 995
26 4 34 1127 1106
5 12 86 1178 1113
3 8 50 1264 1258
6 11 45 1063 1278
30 30 51 1167 1047
30 34 30 1187 1147
26 38 88 1266 1175
7 2 39 1173 1257
31 3 57 1126 1107
20 28 9 1228 1040
27 35 24 1089 1136
8 5 45 1089 1073
23 37 74 1073 1246
21 29 43 1258 1252
24 34 14 1192 1158
22 18 46 1148 1129
20 2 12 1122 1209
18 18 71 1103 1082
23 31 26 1172 1120
36 35 87 1151 1238
19 23 100 1244 1097
24 32 23 1067 1062
13 33 86 1061 1115
37 38 24 1113 1076
9 1 12 1225 833
33 14 52 1201 78
14 38 18 1199 1089
36 9 87 1116 1202
34 9 18 1072 1174
15 27 34 1270 1224
37 4 97 1139 1080
38 3 95 1099 1182
25 10 4 1160 1122
39 10 18 1114 1225
26 5 47 1086 1215
40 13 29 1078 1037
14 26 37 1272 1266
27 4 58 1042 1261
28 11 78 1249 1233
31 6 25 1101 1120
30 10 72 1233 1031
20 33 16 1179 1118
32 1 46 1148 891
21 28 85 1277 1203
28 33 32 1250 1262
17 12 19 1227 1118
22 27 81 1179 1147
20 7 16 1082 1140
19 33 38 1171 1038
18 11 20 1079 1089
23 18 36 1037 1123
21 2 75 1075 1276
19 18 69 1148 1240
17 34 1 1228 1200
22 5 2 1033 1064
9 8 93 1049 1054
33 5 48 1129 1107
23 12 48 1124 1106
38 34 30 1274 1184
10 7 32 1110 1223
34 2 51 1109 1214
15 30 4 1132 1251
35 11 74 1154 1179
11 6 78 1189 1278
35 7 80 1085 1101
16 25 62 1107 866
29 35 98 1071 1145
12 9 77 1099 1238
15 8 82 1249 1208
39 1 62 1265 983
26 14 65 1201 74
16 7 92 1101 1175
40 6 81 1221 1275
27 11 53 1192 1239
1 10 90 1201 1156
4 5 63 1271 1024
28 4 37 1194 1047
31 13 57 1148 1244
5 8 31 1182 1142
29 5 61 1109 1190
31 38 73 1115 1091
32 10 77 1275 1090
6 7 50 1189 1031
21 35 32 1103 1066
30 36 91 1081 1133
17 3 54 1183 1171
22 36 43 1100 1276
20 16 94 1026 1234
18 4 42 1247 1197
33 38 86 1073 1025
21 9 20 1228 1084
19 9 50 1173 1165
34 33 39 1262 1242
17 25 64 1045 842
22 14 43 1216 1043
18 38 94 1123 1135
33 28 8 1152 345
23 3 63 1174 1128
19 35 44 1280 1088
24 12 53 1197 1059
39 34 58 1110 1024
11 13 97 1121 1216
35 2 49 1152 1225
40 37 86 1238 1118
12 2 60 1167 1268
36 29 61 1063 1119
13 11 36 1134 1076
31 35 7 1128 1038
40 3 100 1136 1080
14 12 27 1241 1181
38 31 46 1071 1212
1 1 54 1260 1073
39 30 69 1213 1258
4 14 93 1204 74
2 14 29 1258 66
29 4 76 1136 1128
3 11 26 1153 1174
25 36 24 1048 1046
30 3 51 1108 1183
26 35 40 1127 1157
7 13 31 1155 1243
30 12 45 1144 1165
20 21 69 1087 1278
18 5 87 1262 1260
8 10 48 1083 1037
23 36 71 1250 1202
21 24 5 1143 1217
19 4 64 1182 1134
17 32 92 1133 1055
22 23 94 1153 1219
18 31 27 1217 1192
23 6 23 1217 1179
12 33 99 1231 1255
19 30 97 1229 1024
24 1 68 1090 891
33 9 74 1214 1224
12 7 45 1246 1116
36 6 84 1167 1225
25 31 20 1072 1205
13 2 77 1026 1083
37 7 27 1227 1081
26 32 88 1082 1063
14 5 54 1110 1053
29 33 7 1202 1114
12 29 40 1262 1071
27 29 2 1210 1214
1 8 83 1165 1188
25 5 92 1128 1068
32 35 96 1239 1178
13 32 38 1157 1028
2 7 60 1107 1161
26 2 79 1026 1163
14 31 42 1085 1094
3 6 87 1210 1073
27 7 48 1128 1182
6 9 18 1227 1150
30 28 81 1115 386
7 8 4 1183 1082
31 1 92 1258 973
20 30 95 1181 1116
27 33 6 1217 1161
8 7 69 1244 1243
32 6 82 1042 1027
21 31 52 1202 1219
30 38 4 1196 1186
24 36 30 1032 1273
22 32 74 1160 1195
20 4 6 1046 1240
18 24 86 1029 1169
23 29 98 1111 1202
21 5 94 1076 1271
36 37 58 1179 1244
19 21 65 1259 1040
13 35 22 1076 1054
9 3 27 1035 1242
14 36 71 1110 1179
36 11 75 1205 1135
10 4 97 1036 1045
15 25 20 1143 945
37 14 51 1082 65
35 14 95 1242 70
16 30 19 1179 1090
38 1 23 1267 900
38 2 28 1153 1025
25 12 92 1279 1218
15 3 8 1093 1135
37 32 83 1144 1097
26 11 39 1114 1270
27 2 84 1102 1210
15 37 57 1108 1062
4 2 41 1116 1169
28 13 51 1184 1121
16 34 18 1264 1204
31 12 77 1169 1238
20 35 85 1039 1026
32 3 45 1112 1251
21 38 34 1071 1109
28 35 39 1274 1066
17 14 3 1224 68
22 25 88 1049 1045
20 9 11 1174 1150
18 9 88 1229 1094
33 33 71 1275 1037
23 24 75 1130 1176
21 4 64 1164 1221
19 16 65 1178 1080
17 36 37 1028 1161
22 3 60 1055 1126
19 37 100 1028 1179
9 10 56 1067 1274
33 7 6 1250 1160
23 10 27 1227 1171
10 5 53 1089 1143
34 8 2 1099 1214
24 13 62 1233 1102
11 4 70 1170 1255
32 31 19 1057 1078
16 27 48 1249 1164
38 10 72 1255 1149
12 11 16 1047 1192
15 6 92 1116 1114
39 7 1 1128 1055
13 14 28 1076 75
16 1 15 1234 1007
40 8 77 1273 1045
27 9 58 1160 1043
1 12 55 1054 1241
4 7 79 1184 1233
28 6 21 1075 1263
2 11 7 1057 1027
40 30 91 1109 1233
5 2 80 1269 1260
29 7 55 1031 1173
32 12 48 1026 1221
6 5 33 1077 1132
30 8 92 1108 1150
17 5 96 1120 1120
7 12 65 1165 1148
22 34 2 1062 1274
20 18 29 1148 1051
18 2 38 1244 1081
32 37 83 1075 1232
21 11 66 1080 1104
19 7 76 1076 1265
17 27 86 1201 1029
22 12 50 1138 1081
35 38 27 1041 1105
18 28 16 1170 1159
33 30 38 1060 1255
23 1 33 1101 840
38 8 59 1206 1216
10 14 62 1153 72
24 6 46 1115 1266
11 11 57 1240 1147
35 32 14 1068 1192
12 4 51 1188 1034
36 31 52 1253 1196
32 34 42 1135 1232
15 13 25 1088 1217
13 5 47 1139 1027
16 10 33 1141 1099
14 10 67 1076 1133
38 29 77 1063 1155
12 26 53 1119 1185
1 3 95 1070 1274
2 4 71 1049 1183
5 9 16 1221 1081
29 30 12 1257 1202
3 9 3 1137 1126
25 38 53 1226 1184
6 14 98 1071 69
30 1 49 1081 967
18 34 23 1195 1156
26 33 21 1158 1085
7 3 2 1076 1148
31 32 73 1156 1197
20 23 91 1218 1140
8 12 99 1268 1117
23 34 80 1214 1216
21 18 29 1101 1280
19 2 49 1205 1201
24 37 67 1223 1028
22 21 53 1262 1080
18 29 17 1203 1051
23 28 63 332 399
12 35 20 1124 1148
36 34 64 1117 1159
19 28 52 1248 1156
24 3 50 1077 1246
13 38 85 1146 1102
33 11 48 1099 1198
36 8 44 1150 1044
34 12 50 1123 1097
13 4 41 1240 1205
37 1 69 1049 1003
26 30 76 1034 1143
14 3 20 1064 1058
38 6 16 1274 1126
12 31 46 1244 1231
25 7 65 1192 1155
39 11 77 1276 1058
13 26 35 1160 1148
2 5 64 1272 1253
26 8 40 1114 1162
14 29 24 1041 1249
29 37 82 1219 1100
3 4 98 1044 1066
27 5 42 1064 1094
15 36 44 1065 1180
28 10 41 1264 1272
7 6 87 1053 1174
31 7 72 1272 1068
20 32 87 1031 1084
8 1 61 1039 958
32 8 50 1077 1145
21 25 66 1121 1043
31 33 52 1225 1071
17 9 83 1045 1236
22 30 44 1099 1067
20 6 7 1175 1169
18 22 43 1239 1208
23 19 47 1233 1243
21 7 59 1227 1116
19 19 58 1204 1202
24 28 55 1047 330
22 8 89 1069 1055
37 34 34 1046 1097
9 5 2 1044 1199
33 2 92 1044 1152
14 34 10 1184 1075
38 37 25 1157 1164
36 13 73 1046 1163
10 2 8 1264 1166
34 13 55 1196 1249
15 31 4 1239 1079
11 7 69 1080 1144
35 12 6 1248 1157
16 32 47 1123 1029
25 14 44 1044 75
15 1 97 1026 985
39 14 54 1193 72
26 9 12 1270 1207
16 6 81 1207 1096
40 9 16 1262 1213
29 13 46 1183 1211
4 4 90 1143 1090
30 37 13 1159 1238
16 36 16 1220 1054
31 10 16 1108 1261
5 5 54 1099 1192
20 37 87 1076 1142
32 13 82 1137 1164
30 13 63 1113 1153
18 36 13 1044 1210
28 37 90 1128 1168
29 10 42 1211 1055
20 11 9 1127 1260
18 15 48 1095 1035
33 35 12 1211 1037
23 22 57 1064 1160
21 14 46 1162 1218
19 14 16 1156 1210
34 36 13 1244 1185
17 38 5 1053 1216
22 1 56 1237 949
9 12 63 1081 1089
23 16 47 1090 1233
32 30 99 1275 1034
10 11 26 1244 1165
34 6 10 1052 1213
39 35 57 1111 1201
11 2 68 1120 1260
35 3 40 1227 1069
12 13 54 1205 1086
36 28 44 1249 348
15 12 94 1261 1125
39 5 41 1043 1213
37 29 50 1033 1180
16 3 90 1224 1132
40 2 12 1085 1067
1 14 11 1248 1209
39 31 81 1201 1063
4 9 88 1161 1130
28 8 76 1043 1276
2 9 84 1095 1191
40 32 82 1076 1173
5 4 88 1024 1167
29 1 80 1053 955
25 33 21 1150 1273
6 3 21 1150 1158
30 6 92 1100 1042
17 7 52 1181 1135
7 10 43 1123 1249
20 20 56 1075 1128
18 8 77 1155 1173
8 13 28 1035 1038
21 21 77 1035 1183
19 5 76 1256 1068
34 37 48 1150 1259
17 29 80 1181 1095
22 10 3 1118 1074
35 36 13 1158 1100
18 26 32 1271 1064
33 32 87 1060 1155
23 7 67 1271 1225
19 31 63 1258 1089
34 31 71 1051 1153
24 8 15 1031 1251
39 38 94 1025 1182
11 9 34 1238 1188
35 30 26 1035 1030
40 33 7 1211 1172
12 6 75 1148 1185
36 1 11 1250 1006
25 28 67 1059 386
13 7 7 1081 1091
37 28 53 1195 343
16 12 57 1261 1034
14 8 100 1106 1230
12 28 40 1262 1159
1 5 70 1035 1236
25 2 20 1029 1187
13 29 52 1075 1153
28 29 16 1207 1208
2 2 25 1060 1052
5 11 63 1074 1046
29 32 18 1112 1203
3 7 22 1250 1106
32 38 21 1054 1218
6 12 40 1147 1088
30 31 70 1178 1120
7 1 35 1255 939
31 30 57 1217 1064
20 25 58 1270 1047
27 38 29 1138 1028
8 6 23 1123 1224
21 20 89 1042 1139
22 19 44 1278 1215
18 19 17 1138 1044
23 26 26 1175 1205
12 37 94 1161 1049
36 36 37 1241 1100
19 26 86 1200 1158
24 29 93 1270 1237
37 37 52 1108 1262
33 13 14 1261 1167
36 10 9 1180 1139
34 10 89 1259 1133
37 3 63 1233 1194
14 1 79 1048 844
38 4 54 1094 1137
25 9 100 1112 1133
39 9 88 1222 1087
13 28 57 1201 1130
26 6 100 1200 1241
40 14 63 1114 65
14 27 92 1047 1154
3 2 29 1218 1141
27 3 81 1203 1265
15 34 45 1135 1033
28 12 100 1235 1103
16 37 36 1054 1245
31 5 65 1238 1223
20 34 24 1046 1153
8 3 32 1233 1147
32 2 8 1246 1060
32 36 27 1112 1250
21 27 56 1267 1149
28 34 65 1107 1229
17 11 79 1034 1181
22 28 26 1084 1055
20 8 43 1201 1076
18 12 58 1250 1155
23 17 78 1085 1205
21 1 9 1175 948
19 17 92 1203 1139
17 33 45 1101 1268
22 6 34 1250 1056
37 36 36 1051 1228
9 7 43 1128 1176
33 4 60 1224 1078
23 11 5 1092 1232
38 35 17 1051 1114
10 8 25 1098 1162
34 3 32 1048 1273
15 29 19 1049 1124
37 10 72 1134 1240
11 5 97 1201 1163
35 10 73 1253 1226
16 26 25 1166 1050
38 13 92 1104 1250
12 10 89 1096 1152
15 7 31 1156 1122
39 4 15 1086 1135
16 8 64 1204 1217
40 11 23 1067 1275
27 14 46 1050 64
1 9 100 1144 1259
4 6 44 1280 1233
28 1 2 1092 1018
5 7 94 1026 1212
29 12 8 1065 1121
6 8 39 1056 1072
21 34 74 1108 1152
17 2 73 1225 1073
22 37 74 1239 1075
20 13 79 1084 1145
19 34 88 1219 1191
18 13 55 1133 1033
33 37 1 1180 1061
21 16 84 1241 1252
19 12 98 1253 1163
34 34 9 1185 1137
22 15 70 1052 1217
9 14 78 1164 79
23 14 55 332 64
10 9 30 1036 1118
34 28 20 1239 398
24 9 96 1069 1189
39 33 80 1150 1221
35 1 16 1138 1001
40 38 4 1166 1100
29 36 86 1176 1116
36 30 52 1270 1190
15 10 12 1167 1250
13 10 73 1031 1208
37 31 64 1138 1049
16 13 29 1165 1146
40 4 89 1262 1208
14 13 21 1085 1224
38 32 85 1140 1056
39 29 81 1031 1055
4 11 71 1029 1136
5 14 20 1212 66
29 3 36 1103 1139
3 14 9 1030 78
25 35 19 1140 1081
6 1 32 1275 891
30 4 27 1110 1272
30 35 51 1202 1096
26 36 9 1275 1221
20 22 68 1082 1029
18 6 98 1104 1068
23 35 23 1053 1197
21 23 12 1095 1123
19 3 6 1067 1139
17 31 59 1107 1183
22 24 37 1069 1125
35 34 8 1211 1094
18 32 92 1258 1223
23 5 11 1146 1111
12 34 66 1259 1167
19 29 53 1228 1204
34 29 69 1072 1168
24 2 22 1195 1048
31 34 1 1091 1211
35 28 83 1048 323
35 37 84 1188 1174
40 35 89 1263 1223
12 8 61 1148 1224
36 3 16 1136 1036
25 30 39 1122 1243
13 1 5 1216 1023
37 6 34 1024 1032
14 6 18 1076 1231
12 30 43 1073 1186
27 32 55 1050 1162
1 7 63 1279 1092
25 4 43 1146 1025
13 31 42 1114 1088
28 31 10 1071 1075
2 8 28 1169 1147
26 3 28 1183 1229
14 32 26 1093 1202
3 5 17 1201 1223
6 10 89 1232 1171
30 29 89 1045 1167
26 37 36 1158 1174
7 7 44 1255 1199
31 4 8 1099 1197
30 11 47 1026 1208
20 27 60 1131 1172
27 36 71 1237 1240
8 8 6 1040 1217
23 38 2 1025 1186
21 30 91 1112 1189
24 33 24 1063 1266
22 17 72 1235 1039
20 1 60 1049 1022
18 17 97 1200 1135
23 32 8 1170 1081
36 38 42 1100 1183
19 24 62 1035 1221
24 31 35 1216 1144
13 34 13 1228 1215
32 28 86 1240 364
9 2 10 1152 1270
14 37 82 1159 1207
30 9 76 1107 1087
36 12 28 1237 1229
15 28 10 1068 1062
37 13 71 1181 1153
36 33 88 1113 1109
35 13 31 1103 1168
29 34 63 1085 1130
25 11 87 1081 1095
26 12 25 1187 1076
14 25 47 1176 861
27 1 95 1122 1032
28 14 48 1182 72
31 11 91 1240 1175
20 36 43 1120 1132
31 37 89 1086 1073
32 4 4 1048 1057
21 37 46 1042 1253
28 36 27 1095 1049
17 13 66 1190 1160
22 26 55 1270 1102
20 10 92 1116 1170
18 10 45 1042 1204
23 23 8 1043 1053
21 3 9 1259 1131
19 15 47 1192 1036
17 35 52 1267 1157
22 4 95 1095 1230
9 9 10 1036 1183
33 6 58 1213 1167
23 9 40 1255 1096
38 33 6 1143 1198
10 6 18 1220 1157
34 1 43 1213 849
24 14 66 1114 78
37 12 76 1024 1157
11 3 53 1191 1279
35 8 70 1083 1162
16 28 86 1219 1077
38 11 26 1087 1188
12 12 42 1247 1204
15 5 59 1176 1032
39 2 62 1255 1042
13 13 22 1224 1185
26 13 20 1059 1223
16 2 48 1114 1049
40 5 1 1227 1264
27 12 32 1170 1267
1 11 92 1135 1143
39 28 88 1059 375
4 8 90 1258 1141
28 3 68 1174 1246
2 12 95 1145 1095
31 14 2 1062 73
5 1 92 1136 1008
29 6 97 1208 1191
32 9 58 1199 1168
6 6 71 1148 1126
21 36 73 1162 1227
17 4 100 1081 1125
7 11 36 1237 1246
22 35 93 1090 1091
20 15 82 1260 1031
18 3 31 1196 1070
21 10 10 1125 1137
19 10 4 1238 1099
17 26 59 1107 1052
22 13 14 1090 1060
19 38 66 1121 1086
18 37 23 1152 1214
33 29 27 1042 1066
23 4 5 1117 1151
19 36 96 1247 1123
24 11 31 1247 1100
11 14 63 1103 70
35 31 89 1044 1034
12 1 29 1235 877
36 32 70 1214 1108
13 12 57 1224 1079
14 11 6 1278 1180
38 30 80 1057 1174
1 2 67 1206 1176
4 13 31 1049 1195
28 28 32 1028 359
2 13 67 1231 1172
40 28 28 1146 393
29 29 35 1137 1245
3 12 41 1167 1251
25 37 100 1161 1032
30 2 83 1253 1194
26 34 82 1169 1091
7 14 36 1112 71
31 31 75 1114 1127
20 24 1 1030 1268
8 9 57 1108 1150
23 33 94 1041 1043
21 17 49 1029 1032
19 1 92 1081 1012
24 38 81 1158 1075
22 22 91 1141 1243
18 30 83 1274 1139
23 27 52 1205 1065
12 36 7 1194 1071
19 27 77 1165 1158
24 4 45 1126 1239
13 37 31 1211 1259
33 10 85 1164 1149
36 5 81 1243 1033
25 32 51 1034 1067
13 3 34 1058 1235
37 8 34 1025 1280
26 31 93 1173 1243
14 4 21 1269 1193
38 7 45 1170 1234
12 32 71 1056 1107
27 30 11 1247 1254
25 6 2 1264 1037
13 25 10 1142 812
2 6 35 1206 1147
26 1 53 1098 844
14 30 67 1184 1025
29 28 33 1101 347
3 3 2 1125 1072
27 8 52 1039 1191
15 35 51 1121 1100
18 33 77 1243 1217
7 5 58 1250 1116
31 2 38 1149 1254
20 29 32 1117 1199
27 34 85 1117 1040
8 2 79 1211 1272
32 5 58 1190 1255
21 32 79 1188 1182
24 35 34 1242 1106
22 31 57 1261 1024
20 3 9 1129 1123
18 23 35 1047 1129
23 30 2 1132 1068
21 6 23 1268 1035
19 22 88 1138 1258
13 36 5 1089 1094
37 33 43 1130 1195
9 4 44 1152 1220
33 1 12 1176 922
14 35 64 1266 1138
38 38 23 1110 1258
36 14 38 1186 68
10 3 96 1222 1039
34 14 74 1054 79
15 26 94 1170 1077
32 32 5 1223 1167
16 29 48 1261 1225
25 13 67 1186 1108
15 4 19 1201 1253
39 13 20 1232 1119
26 10 8 1241 1278
40 10 97 1128 1192
29 38 93 1226 1045
15 38 66 1198 1170
4 1 46 1119 879
16 33 90 1114 1219
31 9 70 1171 1204
20 38 13 1239 1082
32 14 16 1261 72
30 14 89 1223 67
28 38 92 1235 1267
20 12 75 1229 1196
18 16 30 1123 1110
33 34 64 1062 1033
23 21 65 1219 1253
21 13 16 1246 1073
19 13 89 1131 1248
17 37 44 1077 1244
22 2 56 1053 1261
9 11 55 1224 1233
33 8 56 1131 1139
23 15 80 1107 1028
10 12 40 1102 1226
34 7 34 1277 1175
11 1 25 1112 869
35 6 25 1215 1144
38 9 26 1231 1072
12 14 54 1107 78
15 11 1 1212 1247
39 8 16 1065 1100
16 4 48 1182 1092
40 7 29 1113 1229
27 10 39 1171 1183
1 13 43 1179 1241
29 14 47 1244 65
4 10 20 1145 1271
28 5 17 1102 1069
2 10 28 1253 1244
40 29 55 1174 1222
5 3 88 1243 1062
29 8 100 1102 1182
32 11 9 1092 1253
6 4 86 1178 1182
30 7 72 1079 1201
18 35 78 1224 1151
17 6 83 1093 1180
7 9 82 1126 1030
22 33 72 1025 1245
20 17 70 1073 1132
18 1 52 1157 991
8 14 55 1190 76
21 12 75 1201 1159
19 8 64 1195 1067
34 38 13 1040 1079
17 28 32 1050 1166
22 11 31 1105 1028
35 35 54 1184 1149
18 27 38 1217 1190
33 31 23 1134 1269
23 2 51 1268 1206
10 13 17 1245 1149
34 32 55 1254 1208
24 5 17 1153 1137
39 37 47 1216 1222
11 12 52 1239 1130
35 29 70 1276 1184
40 34 11 1238 1269
12 3 24 1222 1154
36 2 12 1147 1143
15 14 76 1032 71
13 6 100 1216 1200
26 28 45 1239 330
16 9 20 1201 1108
14 9 71 1058 1031
38 28 92 1210 337
12 25 34 1262 1039
1 4 80 1028 1226
25 1 86 1257 902
28 30 25 1131 1032
2 3 55 1253 1154
5 10 98 1262 1089
29 31 18 1190 1267
3 10 68 1073 1116
6 13 36 1216 1206
30 32 16 1085 1190
35 5 33 1187 1080
7 4 10 1265 1159
31 29 84 1110 1078
20 26 42 1180 1240
27 37 6 1264 1234
8 11 4 1142 1138
21 19 57 1191 1151
22 20 14 1059 1105
18 20 46 1082 1052
23 25 50 1032 1032
12 38 52 1200 1182
32 33 46 1025 1045
19 25 52 1158 1125
24 30 96 1244 1132
33 12 21 1089 1033
32 29 11 1086 1094
36 7 91 1195 1061
34 11 97 1039 1190
37 2 27 1040 1271
26 29 19 1109 1062
14 2 41 1254 1191
38 5 22 1061 1247
27 28 32 1078 323
25 8 82 1250 1119
39 12 82 1249 1083
13 27 90 1074 1177
26 7 96 1182 1178
14 28 68 1076 1068
3 1 59 1158 1003
27 6 54 1048 1157
15 33 59 1128 1095
28 9 21 1190 1184
16 38 48 1221 1078
31 8 89 1249 1210
20 31 44 1066 1039
12
6 6
1266 6
1266 446
726 446
726 886
1266 886
1266 1216
366 1216
366 776
546 776
546 446
6 446
