10
1 1211 2 1035 3 2294 4 2461 5 1618 6 1977 7 2230 8 1491 9 945 10 1625 
1 1615 2 2842 3 2007 4 688 5 1650 6 864 7 850 8 1989 9 1956 10 987 
37
4 1 19 526 220
6 5 61 485 324
3 2 62 491 445
7 3 33 539 277
6 2 46 496 499
3 6 18 491 528
8 3 32 460 299
5 1 99 454 222
2 3 74 442 255
4 4 74 534 487
5 5 85 347 348
6 1 43 477 242
3 3 59 485 261
5 2 28 509 550
2 2 51 482 472
7 5 50 527 353
4 3 54 478 540
1 1 31 483 492
5 6 21 488 118
6 6 66 468 129
7 1 76 531 249
8 6 55 522 123
3 4 93 525 468
5 3 81 307 266
2 1 66 511 252
7 6 59 538 115
4 6 65 513 108
1 2 54 498 538
8 1 5 481 258
6 3 11 500 268
7 2 62 468 442
4 2 38 452 479
1 3 62 458 445
8 5 35 541 319
3 1 51 470 212
4 5 92 498 546
3 5 19 546 443
12
11 11
151 11
151 51
91 51
91 91
151 91
151 121
51 121
51 81
71 81
71 51
11 51
